2 0.28125 0.5696609375 0.279296875 0.5197484375 0.26953125 0.4958765625 0.240234375 0.469834375 0.255859375 0.448134375 0.25390625 0.42426250000000004 0.2255859375 0.4036453125 0.2001953125 0.41449687500000004 0.1357421875 0.41015625 0.1064453125 0.4231765625 0.0615234375 0.4622390625 0.033203125 0.5045578125 0.01953125 0.56098125 0.02734375 0.615234375 0.068359375 0.6998703125 0.0810546875 0.71180625 0.09765625 0.712890625 0.1748046875 0.7096359375 0.1923828125 0.7009546875 0.271484375 0.6217453125 0.28125 0.5696609375
2 0 0.3352859375 0.0361328125 0.355903125 0.052734375 0.3548171875 0.0654296875 0.3515625 0.14453125 0.2788625 0.1875 0.1920578125 0.1875 0.155165625 0.173828125 0.09440156250000001 0.1357421875 0.067275 0.0732421875 0.0455734375 0.0556640625 0.0455734375 0.0263671875 0.05859375 0 0.09006093750000001 0 0.3352859375
2 0.404296875 0.24197031249999998 0.357421875 0.155165625 0.3212890625 0.12586875 0.2724609375 0.1280375 0.2373046875 0.15190937499999999 0.212890625 0.185546875 0.197265625 0.2376296875 0.183784375 0.28378437500000003 0.19921875 0.35264687499999997 0.2470703125 0.4036453125 0.283203125 0.4069015625 0.3310546875 0.38194374999999997 0.39453125 0.29839375 0.40625 0.27235312500000003 0.404296875 0.24197031249999998
2 0.705078125 0.2615015625 0.6953125 0.1681859375 0.685546875 0.1399734375 0.6708984375 0.1171875 0.6435546875 0.1063375 0.5556640625 0.1302078125 0.53515625 0.155165625 0.505859375 0.2398 0.51171875 0.283203125 0.537109375 0.3200953125 0.5712890625 0.3537328125 0.5908203125 0.3645828125 0.60546875 0.3634984375 0.6376953125 0.355903125 0.6748046875 0.32118125000000003 0.689453125 0.3049046875 0.705078125 0.2615015625
2 0.5537109375 0.49262187500000004 0.56640625 0.469834375 0.56640625 0.409071875 0.5546875 0.37000937500000003 0.5068359375 0.3190109375 0.4873046875 0.308159375 0.4150390625 0.32118125000000003 0.3701171875 0.34288124999999997 0.34765625 0.37000937500000003 0.328125 0.4264328125 0.32421875 0.5132375 0.3359375 0.5501296875 0.3876953125 0.5924484375 0.419921875 0.595703125 0.4345703125 0.5924484375 0.4619140625 0.5685765625 0.5068359375 0.5143234375 0.5537109375 0.49262187500000004
2 0.55078125 0.126953125 0.560546875 0.06618906249999999 0.5546875 0.0032546875 0.3349609375 0.0021703125 0.326171875 0.0119359375 0.330078125 0.06401875 0.353515625 0.107421875 0.3671875 0.17035625000000001 0.4052734375 0.219184375 0.4189453125 0.22569374999999997 0.4453125 0.224609375 0.4638671875 0.2213546875 0.4892578125 0.19965312500000001 0.517578125 0.1725265625 0.55078125 0.126953125
2 0.853515625 0.3852 0.837890625 0.307075 0.8037109375 0.2951390625 0.7724609375 0.297309375 0.7568359375 0.2907984375 0.7197265625 0.297309375 0.6982421875 0.308159375 0.642578125 0.37651875 0.6328125 0.42426250000000004 0.66015625 0.4850265625 0.6943359375 0.5186625 0.7275390625 0.5338546875 0.779296875 0.5349390625 0.7998046875 0.5295140625 0.830078125 0.5002171875 0.841796875 0.4763453125 0.853515625 0.3852
2 0.39453125 0.9168843750000001 0.3486328125 0.859375 0.3271484375 0.8463546875000001 0.2236328125 0.8420140625 0.1748046875 0.8723953124999999 0.14453125 0.927734375 0.130859375 0.9950093750000001 0.275390625 0.9993484374999999 0.3974609375 0.9982640625 0.408203125 0.9776468749999999 0.408203125 0.96245625 0.39453125 0.9168843750000001
2 0 0.9971781249999999 0.1171875 0.9971781249999999 0.123046875 0.9928390625000001 0.154296875 0.8973531250000001 0.185546875 0.8517796875 0.19140625 0.80620625 0.185546875 0.780165625 0.1611328125 0.7400171875 0.0888671875 0.7356765625 0.0361328125 0.766059375 0 0.8018656249999999 0 0.9971781249999999
2 0.412109375 0.6586375 0.4052734375 0.6467015625 0.3857421875 0.6467015625 0.3779296875 0.63585 0.3564453125 0.6271703125 0.2744140625 0.6271703125 0.255859375 0.645615625 0.259765625 0.6716578125 0.2294921875 0.692275 0.205078125 0.7302515625 0.20703125 0.7931859375 0.2392578125 0.8376734375 0.3291015625 0.844184375 0.3623046875 0.8615453125 0.3740234375 0.8854171875000001 0.384765625 0.88433125 0.40625 0.869140625 0.408203125 0.741103125 0.421875 0.7063796875 0.412109375 0.6586375
2 0.7109375 0.5740015625 0.7109375 0.5523 0.6982421875 0.542534375 0.6806640625 0.5447046875 0.6669921875 0.523003125 0.6376953125 0.5078125 0.6318359375 0.46875 0.5986328125 0.46440937499999996 0.576171875 0.48285625000000004 0.5732421875 0.4969625 0.5107421875 0.51649375 0.482421875 0.5501296875 0.46484375 0.5891921875 0.5283203125 0.5881078125 0.5615234375 0.60546875 0.599609375 0.662978125 0.609375 0.6955296875 0.611328125 0.7541234375 0.623046875 0.762803125 0.66015625 0.732421875 0.68359375 0.6911890625 0.689453125 0.604384375 0.7109375 0.5740015625
2 0.884765625 0.68901875 0.873046875 0.6022140625 0.853515625 0.567490625 0.8330078125 0.5533859375 0.7724609375 0.5447046875 0.7333984375 0.55555625 0.703125 0.604384375 0.693359375 0.7389328125 0.705078125 0.7975265625 0.7177734375 0.8138015624999999 0.7548828125 0.8203125 0.7861328125 0.844184375 0.794921875 0.8430984374999999 0.814453125 0.8322484375 0.845703125 0.760634375 0.8828125 0.7150609375 0.884765625 0.68901875