1 0.501171875 0.582421875 0.18359375 0.28359375
1 0.33203125 0.541796875 0.1359375 0.24296875
1 0.176171875 0.54375 0.16171875 0.290625
1 0.418359375 0.18671875 0.18671875 0.2484375
1 0.30390625 0.335546875 0.1265625 0.23359375
1 0.713671875 0.51640625 0.11171875 0.1984375
1 0.795703125 0.415625 0.12890625 0.190625
1 0.92109375 0.481640625 0.1421875 0.21015625
1 0.58984375 0.4734375 0.1359375 0.2125
1 0.505859375 0.3375 0.13984375 0.2
1 0.58359375 0.22578125 0.1296875 0.1921875
1 0.666015625 0.3703125 0.11640625 0.19375
1 0.752734375 0.249609375 0.15859375 0.18046875
1 0.161328125 0.125390625 0.12890625 0.20703125
1 0.16796875 0.330078125 0.1296875 0.16015625