1 0.213671875 0.452734375 0.15234375 0.33984375
1 0.164453125 0.713671875 0.11015625 0.23984375
1 0.28359375 0.726953125 0.1328125 0.21640625
1 0.323828125 0.5296875 0.11328125 0.203125
1 0.376953125 0.3375 0.11953125 0.278125
1 0.27578125 0.1625 0.1484375 0.325
1 0.4328125 0.16796875 0.115625 0.2328125
1 0.4921875 0.413671875 0.10625 0.18359375
1 0.437890625 0.55390625 0.10078125 0.2453125
1 0.399609375 0.84375 0.14921875 0.303125
1 0.55 0.86171875 0.1375 0.2671875
1 0.71171875 0.76328125 0.1828125 0.3015625
1 0.671484375 0.5515625 0.14921875 0.278125
1 0.560546875 0.56484375 0.12421875 0.2546875
1 0.60234375 0.311328125 0.1140625 0.28515625
1 0.69765625 0.123828125 0.1140625 0.24140625
1 0.7609375 0.3171875 0.140625 0.28125
1 0.80625 0.559765625 0.121875 0.23828125
1 0.132421875 0.319140625 0.14921875 0.27265625
1 0.820703125 0.20546875 0.13203125 0.2390625
1 0.91640625 0.317578125 0.1359375 0.24140625
1 0.9125 0.74609375 0.175 0.3671875