2 0.677734375 0.1098640625 0.673828125 0.08935625 0.634765625 0.036621875 0.634765625 0.001465625 0.6279296875 0 0.623046875 0.024903125 0.59375 0.06591875 0.583984375 0.0922859375 0.578125 0.142090625 0.5927734375 0.193359375 0.6298828125 0.2197265625 0.642578125 0.21826249999999997 0.671875 0.1860359375 0.666015625 0.1333015625 0.677734375 0.1245125 0.677734375 0.1098640625
2 0.74609375 0.28564531249999997 0.73828125 0.25048906249999997 0.7236328125 0.2255859375 0.6904296875 0.205078125 0.6650390625 0.2021484375 0.642578125 0.22412187499999997 0.62890625 0.26513749999999997 0.626953125 0.33837968749999997 0.630859375 0.36181718749999997 0.6533203125 0.3984375 0.6796875 0.40576249999999997 0.7216796875 0.3896484375 0.732421875 0.37646562499999997 0.74609375 0.32959062499999997 0.74609375 0.28564531249999997
2 0.859375 0.22705156249999997 0.8369140625 0.1845703125 0.7900390625 0.1640625 0.7685546875 0.1845703125 0.75390625 0.21826249999999997 0.748046875 0.25048906249999997 0.751953125 0.32080156249999997 0.7607421875 0.3427734375 0.7802734375 0.3603515625 0.83203125 0.36181718749999997 0.861328125 0.33837968749999997 0.87109375 0.30908281249999997 0.87109375 0.27392656249999997 0.859375 0.22705156249999997
2 0.49609375 0.22705156249999997 0.490234375 0.20654374999999997 0.4658203125 0.181640625 0.4150390625 0.193359375 0.40625 0.20654374999999997 0.38671875 0.29736406249999997 0.388671875 0.32080156249999997 0.412109375 0.35888749999999997 0.419921875 0.39111406249999997 0.4287109375 0.404296875 0.44140625 0.40576249999999997 0.4619140625 0.3984375 0.48046875 0.37353593749999997 0.5 0.30908281249999997 0.49609375 0.22705156249999997
2 0.3232421875 0.3369140625 0.3408203125 0.3369140625 0.3603515625 0.31640625 0.369140625 0.28857499999999997 0.37109375 0.25048906249999997 0.361328125 0.20068437499999997 0.3408203125 0.1611328125 0.3173828125 0.1435546875 0.2919921875 0.146484375 0.2822265625 0.12890625 0.2685546875 0.134765625 0.248046875 0.165528125 0.236328125 0.24169999999999997 0.2578125 0.30908281249999997 0.294921875 0.33837968749999997 0.2958984375 0.298828125 0.3056640625 0.298828125 0.3125 0.32666093749999997 0.3232421875 0.3369140625
2 0.2109375 0.40869218749999997 0.1875 0.33252031249999997 0.1875 0.30615312499999997 0.1767578125 0.2900390625 0.1591796875 0.287109375 0.1259765625 0.31640625 0.109375 0.34716874999999997 0.109375 0.37646562499999997 0.12109375 0.38818437499999997 0.10546875 0.40576249999999997 0.109375 0.43212968749999997 0.146484375 0.49365312499999997 0.171875 0.51123125 0.1923828125 0.50390625 0.203125 0.48486406249999997 0.212890625 0.44384843749999997 0.2109375 0.40869218749999997
2 0.1142578125 0.4423828125 0.0751953125 0.43359375 0.05078125 0.46435624999999997 0.04296875 0.5200203125 0.060546875 0.587403125 0.0830078125 0.62109375 0.095703125 0.622559375 0.1279296875 0.568359375 0.142578125 0.55810625 0.150390625 0.505371875 0.1142578125 0.4423828125
2 0.0166015625 0.591796875 0.0009765625 0.5830078125 0 0.8188484375 0.025390625 0.821778125 0.068359375 0.7661140625 0.080078125 0.704590625 0.06640625 0.6547859375 0.0166015625 0.591796875
2 0.1748046875 0.5712890625 0.1650390625 0.5625 0.1376953125 0.5625 0.09375 0.634278125 0.0859375 0.6665046875 0.087890625 0.71045 0.0947265625 0.7412109375 0.1298828125 0.7763671875 0.1494140625 0.8203125 0.1640625 0.821778125 0.1826171875 0.814453125 0.205078125 0.7807625 0.21875 0.6665046875 0.1748046875 0.5712890625
2 0.16796875 0.89795 0.142578125 0.8012703125 0.1181640625 0.767578125 0.0966796875 0.7646484375 0.0634765625 0.779296875 0.04296875 0.810059375 0.029296875 0.8950203125 0.03125 0.9418953125 0.037109375 0.9594734375 0.0595703125 0.984375 0.119140625 0.997559375 0.1474609375 0.9873046875 0.16015625 0.9653328125 0.16796875 0.938965625 0.16796875 0.89795
2 0.60546875 0.71045 0.599609375 0.6723640625 0.5849609375 0.6416015625 0.5693359375 0.626953125 0.5419921875 0.626953125 0.4912109375 0.6708984375 0.478515625 0.69873125 0.478515625 0.716309375 0.5009765625 0.76171875 0.5458984375 0.8173828125 0.556640625 0.81591875 0.5732421875 0.80859375 0.59765625 0.774903125 0.60546875 0.74560625 0.60546875 0.71045
2 0.775390625 0.43505937499999997 0.7607421875 0.4013671875 0.7412109375 0.38671875 0.6884765625 0.4072265625 0.669921875 0.45263749999999997 0.671875 0.49072343749999997 0.693359375 0.5375984375 0.7109375 0.5493171875 0.728515625 0.47900468749999997 0.7529296875 0.4541015625 0.7666015625 0.451171875 0.775390625 0.43505937499999997
2 0.916015625 0.8598640625 0.896484375 0.8042 0.8798828125 0.779296875 0.8623046875 0.7646484375 0.8349609375 0.767578125 0.806640625 0.8042 0.794921875 0.8364265625 0.798828125 0.9125984375 0.822265625 0.9682625 0.8447265625 0.9931640625 0.8984375 0.997559375 0.919921875 0.97998125 0.927734375 0.9477546875 0.92578125 0.9008796875 0.916015625 0.8598640625
2 0.9833984375 0.8056640625 0.9638671875 0.7880859375 0.9267578125 0.7705078125 0.9033203125 0.7705078125 0.890625 0.7895515625 0.92578125 0.892090625 0.9296875 0.9477546875 0.923828125 0.9770515625 0.9306640625 0.9873046875 0.94921875 0.9887703125 0.9775390625 0.978515625 0.998046875 0.944825 1 0.83935625 0.9833984375 0.8056640625
2 0.896484375 0.599121875 0.8798828125 0.580078125 0.8623046875 0.57421875 0.8056640625 0.603515625 0.787109375 0.6430671875 0.7890625 0.7368171875 0.8076171875 0.73828125 0.8232421875 0.7705078125 0.8623046875 0.76171875 0.8798828125 0.7763671875 0.892578125 0.774903125 0.908203125 0.757325 0.919921875 0.71045 0.919921875 0.6665046875 0.896484375 0.599121875