1 0.437109375 0.629296875 0.13671875 0.17734375
1 0.7421875 0.621875 0.159375 0.23125
1 0.58359375 0.59921875 0.1515625 0.2265625
1 0.241015625 0.587109375 0.14453125 0.18359375
1 0.098046875 0.57265625 0.12421875 0.1546875
1 0.90234375 0.507421875 0.1390625 0.18671875
1 0.56015625 0.380859375 0.1484375 0.19921875
1 0.374609375 0.544140625 0.13671875 0.19140625
1 0.37578125 0.311328125 0.1109375 0.17890625
1 0.07890625 0.41796875 0.1296875 0.1546875
1 0.134765625 0.25625 0.12265625 0.146875
1 0.26328125 0.4203125 0.1109375 0.14375