2 0.4404296875 0.5595703125 0.3720703125 0.568359375 0.341796875 0.6225578125 0.357421875 0.7836921875 0.3857421875 0.8232421875 0.443359375 0.8364265625 0.490234375 0.7807625 0.501953125 0.6547859375 0.486328125 0.6137703125 0.4404296875 0.5595703125
2 0.5576171875 0.5830078125 0.51953125 0.6254890625 0.50390625 0.67529375 0.513671875 0.7749015625 0.5615234375 0.814453125 0.6171875 0.8188484375 0.630859375 0.7661140625 0.6328125 0.6430671875 0.6083984375 0.5859375 0.5576171875 0.5830078125
2 0.251953125 0.36767656249999997 0.232421875 0.45263749999999997 0.236328125 0.49072343749999997 0.27734375 0.52295 0.3359375 0.45556718749999997 0.32421875 0.37939531249999997 0.2958984375 0.3486328125 0.251953125 0.36767656249999997
2 0.2314453125 0.591796875 0.2021484375 0.57421875 0.1572265625 0.59765625 0.142578125 0.6459953125 0.162109375 0.7397453125 0.2109375 0.7661140625 0.24609375 0.7368171875 0.263671875 0.69873125 0.265625 0.6665046875 0.2314453125 0.591796875
2 0.5419921875 0.2900390625 0.4931640625 0.2900390625 0.4345703125 0.33984375 0.41015625 0.37646406250000003 0.40234375 0.43212968749999997 0.4189453125 0.474609375 0.45703125 0.48779374999999997 0.5556640625 0.4453125 0.580078125 0.38525468749999997 0.580078125 0.32373124999999997 0.5419921875 0.2900390625
2 0.6181640625 0.3486328125 0.587890625 0.37646406250000003 0.576171875 0.43798906249999997 0.63671875 0.46728593749999997 0.671875 0.44677656250000003 0.669921875 0.39111406249999997 0.6416015625 0.3515625 0.6181640625 0.3486328125
2 0.875 0.7045890625 0.875 0.6840828125 0.8466796875 0.6416015625 0.7861328125 0.650390625 0.7578125 0.7045890625 0.76171875 0.7895515625 0.79296875 0.8247078125 0.791015625 0.8774421875 0.806640625 0.88623125 0.814453125 0.8276375 0.8349609375 0.8232421875 0.8515625 0.7983390625 0.875 0.7045890625
2 0.6611328125 0.15234375 0.62890625 0.21826249999999997 0.625 0.32080156249999997 0.662109375 0.35009843749999997 0.740234375 0.26806718749999997 0.732421875 0.1860359375 0.7080078125 0.1494140625 0.6611328125 0.15234375
2 0.9375 0.38232499999999997 0.8759765625 0.3251953125 0.845703125 0.35009843749999997 0.841796875 0.39404374999999997 0.794921875 0.47900468749999997 0.798828125 0.5405265625 0.8330078125 0.533203125 0.8359375 0.5756828125 0.857421875 0.5874015625 0.9287109375 0.5302734375 0.9609375 0.45849531250000003 0.958984375 0.42041093749999997 0.9375 0.38232499999999997
2 0.5107421875 0.796875 0.451171875 0.8422859375 0.4453125 0.9243171875 0.4716796875 0.9990234375 0.59765625 0.9975578125 0.61328125 0.9477546875 0.61328125 0.90966875 0.5693359375 0.826171875 0.5107421875 0.796875
2 0.3740234375 0.826171875 0.353515625 0.79248125 0.341796875 0.7133796875 0.3232421875 0.708984375 0.28515625 0.7895515625 0.279296875 0.8452140625 0.2890625 0.90966875 0.3271484375 0.9990234375 0.416015625 0.9975578125 0.439453125 0.9711921875 0.439453125 0.8657234375 0.4228515625 0.84375 0.3740234375 0.826171875
2 0.1240234375 0.4482421875 0.13671875 0.39111406249999997 0.1181640625 0.3427734375 0.0634765625 0.3251953125 0.029296875 0.35302656250000003 0.0234375 0.41455156249999997 0.0634765625 0.4921875 0.0859375 0.49365156250000003 0.09375 0.47607499999999997 0.08984375 0.43505781250000003 0.1044921875 0.4541015625 0.1240234375 0.4482421875
2 0.1123046875 0.45703125 0.087890625 0.49951249999999997 0.0859375 0.5463875 0.1123046875 0.55078125 0.1298828125 0.59765625 0.1484375 0.5991203125 0.1953125 0.5668953125 0.197265625 0.51123125 0.1474609375 0.4541015625 0.1123046875 0.45703125