1 0.610546875 0.36171875 0.21796875 0.3265625
1 0.12890625 0.611328125 0.1953125 0.26953125
2 0.36640625 0.8671875 0.2484375 0.265625
2 0.497265625 0.7515625 0.20390625 0.271875
0 0.826953125 0.284765625 0.22265625 0.37265625
1 0.684375 0.6515625 0.25 0.365625
1 0.8921875 0.82265625 0.215625 0.3546875
1 0.49921875 0.15234375 0.1765625 0.3046875
1 0.27421875 0.341015625 0.1765625 0.27890625
1 0.3421875 0.577734375 0.178125 0.32421875
1 0.108203125 0.09375 0.16640625 0.1875
1 0.098046875 0.3953125 0.15546875 0.25