1 0.3546875 0.6015625 0.20625 0.36875
1 0.550390625 0.594140625 0.18515625 0.34140625
1 0.166796875 0.58515625 0.15859375 0.3234375
1 0.76015625 0.562890625 0.2109375 0.37578125
1 0.644140625 0.314453125 0.18515625 0.34140625
1 0.827734375 0.266796875 0.18046875 0.33671875
1 0.448828125 0.2921875 0.19765625 0.359375
1 0.240234375 0.29765625 0.19296875 0.3890625
1 0.0703125 0.269140625 0.140625 0.36640625
1 0.09140625 0.84140625 0.1828125 0.3171875
1 0.27109375 0.86875 0.1828125 0.2625
1 0.45234375 0.87109375 0.1828125 0.2578125
1 0.63828125 0.85234375 0.2015625 0.2953125
1 0.828125 0.8578125 0.19375 0.284375