1 0.3796875 0.64765625 0.23125 0.3328125
1 0.7375 0.7421875 0.17421875 0.2984375
1 0.6140625 0.48046875 0.165625 0.24296875
1 0.11328125 0.35703125 0.2140625 0.33203125
1 0.209375 0.62265625 0.184375 0.31484375
1 0.58125 0.84140625 0.16796875 0.3078125
1 0.74609375 0.45234375 0.16171875 0.29140625
1 0.359375 0.38046875 0.1859375 0.23671875
1 0.26796875 0.184375 0.1609375 0.25859375
1 0.9078125 0.6609375 0.16015625 0.2140625
1 0.62421875 0.25078125 0.12578125 0.225
1 0.528125 0.10859375 0.128125 0.20703125
1 0.51484375 0.3140625 0.12421875 0.228125
1 0.72734375 0.14140625 0.128125 0.1984375
1 0.07421875 0.871875 0.14453125 0.2453125
1 0.85078125 0.88203125 0.15078125 0.2171875
1 0.21484375 0.890625 0.16875 0.2046875
1 0.89921875 0.20390625 0.13046875 0.20703125
1 0.0609375 0.62265625 0.11953125 0.259375
1 0.0984375 0.0640625 0.14375 0.121875
1 0.6171875 0.06796875 0.08984375 0.12734375
1 0.82421875 0.0578125 0.1109375 0.1078125
1 0.95859375 0.06640625 0.075 0.125
1 0.196875 0.1171875 0.1015625 0.21328125
1 0.034375 0.2515625 0.06875 0.16015625
1 0.9359375 0.3609375 0.084375 0.0859375
1 0.92265625 0.45234375 0.1296875 0.26875
1 0.965625 0.8140625 0.06640625 0.16328125
1 0.85078125 0.30546875 0.1359375 0.19140625
1 0.396875 0.11796875 0.16328125 0.2265625
1 0.44921875 0.90859375 0.11171875 0.17734375
1 0.353125 0.915625 0.125 0.1625
1 0.7765625 0.23203125 0.09453125 0.1546875
1 0.14375 0.2390625 0.1109375 0.09609375