1 0.3546875 0.6015625 0.20625 0.36875
1 0.55 0.59375 0.18515625 0.34140625
1 0.1671875 0.58515625 0.15859375 0.3234375
1 0.76015625 0.5625 0.2109375 0.37578125
1 0.64375 0.3140625 0.18515625 0.34140625
1 0.828125 0.2671875 0.18046875 0.33671875
1 0.4484375 0.2921875 0.19765625 0.359375
1 0.240625 0.29765625 0.19296875 0.3890625
1 0.0703125 0.26875 0.140625 0.36640625
1 0.09140625 0.84140625 0.1828125 0.3171875
1 0.27109375 0.86875 0.1828125 0.2625
1 0.45234375 0.87109375 0.1828125 0.2578125
1 0.63828125 0.85234375 0.2015625 0.2953125
1 0.828125 0.8578125 0.19375 0.284375