2 0.440625 0.79765625 0.14375 0.2015625
2 0.34375 0.71640625 0.11953125 0.171875
2 0.65234375 0.334375 0.1125 0.159375
2 0.21640625 0.6625 0.1125 0.13125
2 0.259375 0.88046875 0.11640625 0.1859375
2 0.80078125 0.61328125 0.1359375 0.17421875
2 0.6734375 0.6421875 0.14140625 0.1765625
2 0.515625 0.65859375 0.11796875 0.178125
2 0.56015625 0.84375 0.12265625 0.18984375
2 0.2484375 0.50546875 0.1125 0.1546875
2 0.14296875 0.56640625 0.1203125 0.14140625
2 0.528125 0.2453125 0.11796875 0.14140625
2 0.47578125 0.3765625 0.096875 0.1484375
2 0.3484375 0.503125 0.09921875 0.128125