1 0.19921875 0.48515625 0.11953125 0.24921875
1 0.08671875 0.4671875 0.11953125 0.234375
1 0.93125 0.4265625 0.0828125 0.1828125
1 0.803125 0.50703125 0.08828125 0.21015625
1 0.86875 0.45625 0.08828125 0.18046875
1 0.4796875 0.76484375 0.0625 0.1375
1 0.7171875 0.08671875 0.06171875 0.13828125
1 0.5765625 0.6890625 0.06484375 0.1359375
1 0.63984375 0.6625 0.0765625 0.14375
1 0.4390625 0.79296875 0.05703125 0.14375
1 0.14296875 0.59453125 0.0953125 0.15390625
1 0.5234375 0.64609375 0.05859375 0.115625
1 0.446875 0.38828125 0.0421875 0.06875
1 0.6328125 0.79140625 0.0765625 0.1328125
1 0.53125 0.728125 0.05546875 0.13515625
1 0.61875 0.0703125 0.028125 0.09453125
1 0.4796875 0.4078125 0.0296875 0.06015625
1 0.54921875 0.2046875 0.02890625 0.0578125
1 0.54375 0.32734375 0.03203125 0.0671875
1 0.5046875 0.34140625 0.028125 0.0625
1 0.4796875 0.3375 0.02578125 0.06875
1 0.52421875 0.20625 0.02734375 0.05546875
1 0.51484375 0.31875 0.02734375 0.06875
1 0.52109375 0.8234375 0.05390625 0.0859375
1 0.56484375 0.178125 0.0171875 0.05546875
1 0.5734375 0.79921875 0.04921875 0.09140625
1 0.4921875 0.303125 0.02109375 0.04453125
1 0.690625 0.121875 0.0265625 0.0609375
1 0.44453125 0.4546875 0.02734375 0.040625
1 0.553125 0.28046875 0.01953125 0.06484375
1 0.5328125 0.17734375 0.01640625 0.0515625