1 0.4578125 0.51640625 0.09609375 0.22109375
1 0.28515625 0.71328125 0.10859375 0.23515625
1 0.38671875 0.67578125 0.109375 0.2296875
1 0.54140625 0.490625 0.09453125 0.19609375
1 0.66171875 0.25859375 0.06640625 0.20078125
1 0.60625 0.32734375 0.0796875 0.1828125
1 0.7640625 0.2140625 0.04609375 0.13671875
1 0.696875 0.8859375 0.053125 0.1046875
1 0.65 0.87734375 0.04765625 0.10859375
1 0.553125 0.39765625 0.05703125 0.059375
1 0.32890625 0.603125 0.03671875 0.05546875
1 0.42265625 0.965625 0.04296875 0.06640625
1 0.51015625 0.40078125 0.0265625 0.040625