1 0.32109375 0.33984375 0.0828125 0.16796875
1 0.56875 0.790625 0.1046875 0.22265625
1 0.453125 0.36640625 0.07421875 0.1625
1 0.66328125 0.75078125 0.109375 0.23671875
1 0.38984375 0.384375 0.08515625 0.17578125
1 0.8484375 0.771875 0.04375 0.08515625
1 0.81328125 0.7453125 0.03828125 0.08359375
1 0.821875 0.353125 0.040625 0.0890625
1 0.85859375 0.3546875 0.03828125 0.090625
1 0.5796875 0.6671875 0.08203125 0.0984375
1 0.75546875 0.37421875 0.03359375 0.07578125
1 0.78046875 0.3859375 0.03203125 0.07890625
1 0.7875 0.715625 0.028125 0.06328125
1 0.72890625 0.346875 0.0328125 0.06640625
1 0.86640625 0.840625 0.02578125 0.0484375
1 0.80078125 0.3734375 0.02421875 0.0640625
1 0.7359375 0.4 0.02265625 0.04921875