1 0.93046875 0.85703125 0.065625 0.13046875
1 0.3140625 0.61328125 0.05078125 0.11484375
1 0.27890625 0.5734375 0.05859375 0.1109375
1 0.871875 0.84453125 0.065625 0.1390625
1 0.3203125 0.28125 0.065625 0.13828125
1 0.98203125 0.17109375 0.0359375 0.11796875
1 0.27890625 0.18515625 0.06328125 0.1328125
1 0.3984375 0.5109375 0.0625 0.125
1 0.234375 0.2265625 0.0453125 0.11328125
1 0.76015625 0.7 0.05234375 0.10546875
1 0.26640625 0.3046875 0.0546875 0.10625
1 0.79609375 0.6875 0.04921875 0.1015625
1 0.93125 0.17578125 0.0453125 0.1
1 0.72734375 0.6984375 0.0484375 0.103125
1 0.965625 0.22421875 0.040625 0.06875
1 0.7015625 0.59140625 0.05546875 0.1078125
1 0.66015625 0.61328125 0.05234375 0.109375
1 0.33125 0.38359375 0.06015625 0.1078125
1 0.33046875 0.1515625 0.05625 0.12109375
1 0.5421875 0.4 0.05625 0.11171875
1 0.4109375 0.13046875 0.05859375 0.121875
1 0.453125 0.32734375 0.059375 0.11796875
1 0.62421875 0.53203125 0.05859375 0.10703125
1 0.54375 0.5328125 0.05390625 0.115625
1 0.24296875 0.13359375 0.04765625 0.09296875
1 0.4015625 0.3296875 0.05859375 0.1265625
1 0.95234375 0.1625 0.03984375 0.084375
1 0.38046875 0.1609375 0.05625 0.115625
1 0.46328125 0.49609375 0.05703125 0.1203125
1 0.36015625 0.50078125 0.0421875 0.1109375
1 0.58203125 0.56640625 0.05390625 0.1125
1 0.37734375 0.3953125 0.05 0.1234375
1 0.3671875 0.2375 0.05625 0.1078125
1 0.49375 0.3890625 0.0546875 0.1109375
1 0.42890625 0.4234375 0.05625 0.1046875
1 0.646875 0.6890625 0.0515625 0.07890625
1 0.43046875 0.56796875 0.05234375 0.08828125
1 0.51015625 0.484375 0.0484375 0.0953125
1 0.56875 0.640625 0.04609375 0.0734375
1 0.60703125 0.6765625 0.05078125 0.07578125
1 0.61640625 0.60625 0.05234375 0.1
1 0.4953125 0.55703125 0.0484375 0.08203125
1 0.86328125 0.3453125 0.02421875 0.0515625
1 0.53203125 0.61015625 0.040625 0.0609375
1 0.90078125 0.33125 0.0234375 0.04296875
1 0.8828125 0.340625 0.034375 0.05703125