1 0.6515625 0.4234375 0.11484375 0.26484375
1 0.38203125 0.4953125 0.11640625 0.21875
1 0.5546875 0.43515625 0.10234375 0.23828125
1 0.471875 0.515625 0.09296875 0.190625
1 0.75546875 0.42421875 0.121875 0.24921875
1 0.459375 0.6515625 0.10078125 0.20625
1 0.54765625 0.64609375 0.0953125 0.2265625
1 0.73125 0.57265625 0.090625 0.16484375
1 0.62734375 0.6078125 0.09296875 0.20703125
1 0.38359375 0.6609375 0.0796875 0.165625
1 0.3296875 0.14921875 0.0578125 0.11953125
1 0.084375 0.6421875 0.06171875 0.13203125
1 0.0234375 0.64765625 0.0453125 0.14765625
1 0.28984375 0.125 0.04609375 0.109375
1 0.746875 0.15546875 0.05546875 0.11171875
1 0.1125 0.9484375 0.0796875 0.09765625
1 0.51640625 0.73359375 0.071875 0.1265625
1 0.71015625 0.0546875 0.0375 0.07265625
1 0.01953125 0.74453125 0.0359375 0.084375