1 0.40234375 0.5859375 0.11484375 0.28515625
1 0.50703125 0.6015625 0.125 0.30625
1 0.58515625 0.54453125 0.10390625 0.253125
1 0.65859375 0.22578125 0.0734375 0.1734375
1 0.7296875 0.2109375 0.07890625 0.16875
1 0.79296875 0.2078125 0.06484375 0.14375
1 0.715625 0.3125 0.0734375 0.134375
1 0.9203125 0.56328125 0.0625 0.13359375
1 0.86875 0.34921875 0.0515625 0.11796875
1 0.63359375 0.27421875 0.0578125 0.165625
1 0.86875 0.5734375 0.053125 0.10703125
1 0.8296875 0.59921875 0.04921875 0.10703125
1 0.98125 0.43671875 0.03671875 0.10859375
1 0.915625 0.4296875 0.03828125 0.08828125
1 0.803125 0.5875 0.034375 0.0984375
1 0.78046875 0.2953125 0.05 0.08515625
1 0.52421875 0.90078125 0.04296875 0.08203125
1 0.64140625 0.9515625 0.0421875 0.08515625
1 0.79375 0.94765625 0.05390625 0.05703125
1 0.615625 0.9640625 0.0390625 0.07109375
1 0.80546875 0.86015625 0.03359375 0.06328125
1 0.7515625 0.92890625 0.028125 0.059375