1 0.35078125 0.453125 0.1015625 0.234375
1 0.55546875 0.7109375 0.09375 0.24453125
1 0.271875 0.4078125 0.08125 0.171875
1 0.6296875 0.71484375 0.07421875 0.21328125
1 0.70078125 0.70078125 0.08828125 0.21640625
1 0.81171875 0.14453125 0.05859375 0.1453125
1 0.50859375 0.48359375 0.04140625 0.10546875
1 0.55 0.4953125 0.03671875 0.09921875
1 0.7671875 0.16484375 0.04609375 0.0640625
1 0.478125 0.4921875 0.025 0.059375
1 0.840625 0.59921875 0.03671875 0.0796875
1 0.59140625 0.61484375 0.02578125 0.03984375