1 0.353125 0.5859375 0.190625 0.4109375
1 0.47578125 0.74453125 0.146875 0.3890625
1 0.596875 0.6234375 0.13828125 0.33828125
1 0.69609375 0.54296875 0.17109375 0.35625
1 0.91328125 0.0640625 0.1046875 0.121875
1 0.46171875 0.50625 0.059375 0.1265625
1 0.64140625 0.92109375 0.0546875 0.1171875
1 0.69765625 0.87265625 0.053125 0.1203125
1 0.528125 0.528125 0.03671875 0.10703125
1 0.59921875 0.934375 0.05625 0.11953125
1 0.296875 0.65234375 0.07890625 0.26796875
1 0.6359375 0.434375 0.0515625 0.103125
1 0.66796875 0.44921875 0.11015625 0.1625