1 0.29140625 0.6453125 0.1625 0.35703125
1 0.67109375 0.5890625 0.11015625 0.2328125
1 0.43359375 0.6359375 0.15390625 0.33671875
1 0.59140625 0.49765625 0.1140625 0.24375
1 0.70625 0.471875 0.09453125 0.16875
1 0.54140625 0.57734375 0.0765625 0.18984375
1 0.35859375 0.49140625 0.07578125 0.09453125
1 0.9828125 0.56796875 0.03359375 0.08984375
1 0.98671875 0.234375 0.02578125 0.07578125
1 0.96796875 0.21796875 0.034375 0.075
1 0.48828125 0.5640625 0.04609375 0.1328125
1 0.67734375 0.43515625 0.04296875 0.07421875