1 0.32734375 0.85859375 0.06640625 0.1515625
1 0.71796875 0.56328125 0.07421875 0.134375
1 0.44140625 0.48984375 0.07734375 0.1703125
1 0.3265625 0.44921875 0.0828125 0.16328125
1 0.22578125 0.51640625 0.05390625 0.11328125
1 0.259375 0.771875 0.0703125 0.1046875
1 0.3546875 0.63984375 0.0640625 0.146875
1 0.58671875 0.5390625 0.0875 0.16484375
1 0.38828125 0.47421875 0.05078125 0.11015625
1 0.284375 0.58828125 0.09140625 0.20859375
1 0.6671875 0.6453125 0.08515625 0.19296875
1 0.546875 0.69296875 0.08203125 0.1578125
1 0.5078125 0.553125 0.0859375 0.19609375
1 0.41875 0.61015625 0.0828125 0.14453125
1 0.9796875 0.29140625 0.03671875 0.0875
1 0.5984375 0.6484375 0.0578125 0.11796875
1 0.484375 0.646875 0.06796875 0.134375