2 0.77734375 0.3796875 0.1328125 0.246875
2 0.67109375 0.28984375 0.1203125 0.246875
2 0.6984375 0.76015625 0.12265625 0.25625
1 0.2515625 0.309375 0.0921875 0.1796875
1 0.584375 0.55625 0.0921875 0.1703125
1 0.5671875 0.68046875 0.075 0.16328125
1 0.6109375 0.728125 0.0625 0.18203125
1 0.18203125 0.3296875 0.05859375 0.1171875
1 0.4921875 0.59921875 0.10390625 0.2328125
1 0.41640625 0.67890625 0.08359375 0.175
1 0.63515625 0.8609375 0.075 0.1578125
1 0.446875 0.54765625 0.03046875 0.08515625
1 0.64453125 0.68515625 0.0234375 0.08046875
1 0.3671875 0.43671875 0.07734375 0.1609375