1 0.53046875 0.746875 0.0515625 0.1125
1 0.46328125 0.5515625 0.05546875 0.115625
1 0.55390625 0.5515625 0.04921875 0.1046875
1 0.41875 0.71875 0.06640625 0.1390625
1 0.5109375 0.57265625 0.06484375 0.1390625
1 0.63046875 0.5109375 0.04921875 0.10546875
1 0.44296875 0.8171875 0.04375 0.096875
1 0.59375 0.4671875 0.03984375 0.0796875
1 0.46484375 0.659375 0.04453125 0.08515625
1 0.7671875 0.27421875 0.04140625 0.08203125
1 0.396875 0.80625 0.046875 0.10078125
1 0.5828125 0.590625 0.03671875 0.08828125
1 0.51328125 0.66875 0.0453125 0.07265625
1 0.3765625 0.7484375 0.025 0.04453125