1 0.50546875 0.55234375 0.0890625 0.203125
1 0.4328125 0.54921875 0.08359375 0.18671875
1 0.57890625 0.5265625 0.08984375 0.19609375
1 0.28203125 0.21640625 0.071875 0.16640625
1 0.37109375 0.2890625 0.06171875 0.14140625
1 0.21953125 0.17265625 0.071875 0.16640625
1 0.60625 0.7875 0.06875 0.14140625
1 0.5078125 0.80625 0.06796875 0.14765625
1 0.70546875 0.22109375 0.0625 0.13203125
1 0.55546875 0.8375 0.0578125 0.1484375
1 0.6078125 0.12578125 0.084375 0.159375
1 0.325 0.21328125 0.05859375 0.16171875
1 0.41640625 0.321875 0.04765625 0.10859375
1 0.690625 0.5578125 0.04453125 0.1109375
1 0.659375 0.23125 0.046875 0.10859375
1 0.93984375 0.946875 0.08125 0.10234375
1 0.38984375 0.621875 0.03359375 0.09453125
1 0.628125 0.94921875 0.0203125 0.07109375
1 0.29140625 0.8953125 0.02890625 0.05859375
1 0.18359375 0.66328125 0.04375 0.06640625