1 0.35546875 0.17109375 0.0546875 0.12890625
1 0.26328125 0.53046875 0.1125 0.2203125
1 0.7421875 0.78046875 0.08515625 0.20546875
1 0.609375 0.42265625 0.128125 0.340625
1 0.67109375 0.76796875 0.0765625 0.1890625
1 0.35078125 0.5921875 0.115625 0.309375
1 0.2453125 0.77578125 0.11640625 0.26015625
1 0.15703125 0.7390625 0.1015625 0.20625
1 0.48828125 0.47578125 0.13203125 0.36796875
1 0.2375 0.140625 0.046875 0.11875
1 0.7015625 0.303125 0.1578125 0.38359375
1 0.59296875 0.75078125 0.05234375 0.11484375
1 0.62421875 0.78984375 0.0421875 0.12421875
1 0.60625 0.82734375 0.03046875 0.06875
1 0.178125 0.68671875 0.059375 0.103125
1 0.33203125 0.234375 0.0203125 0.0578125