1 0.7140625 0.45859375 0.0875 0.178125
1 0.6390625 0.53984375 0.06796875 0.14140625
1 0.7921875 0.4125 0.09140625 0.1875
1 0.3171875 0.203125 0.05703125 0.125
1 0.5890625 0.6703125 0.0578125 0.13671875
1 0.25546875 0.153125 0.07265625 0.16171875
1 0.40703125 0.43125 0.046875 0.10625
1 0.45234375 0.41328125 0.05390625 0.109375
1 0.39765625 0.69375 0.04765625 0.090625
1 0.31953125 0.89921875 0.0625 0.12265625
1 0.675 0.5796875 0.06171875 0.13125
1 0.44296875 0.69921875 0.04375 0.0890625
1 0.321875 0.28125 0.05703125 0.10078125
1 0.61796875 0.328125 0.0375 0.0828125
1 0.20625 0.87734375 0.06171875 0.11484375
1 0.4125 0.9328125 0.05625 0.125
1 0.6359375 0.62734375 0.05234375 0.1171875
1 0.5609375 0.7109375 0.0546875 0.13671875
1 0.44609375 0.9140625 0.0453125 0.11171875
1 0.58359375 0.34375 0.034375 0.08046875
1 0.4359375 0.14375 0.0328125 0.07734375
1 0.46171875 0.13359375 0.02734375 0.07578125
1 0.38671875 0.90859375 0.0453125 0.09921875
1 0.39609375 0.36171875 0.0359375 0.084375
1 0.440625 0.47734375 0.04140625 0.0765625
1 0.4078125 0.03046875 0.04375 0.059375
1 0.4546875 0.03046875 0.0359375 0.0609375
1 0.6296875 0.70859375 0.04296875 0.08515625
1 0.27421875 0.87734375 0.04296875 0.096875
1 0.246875 0.859375 0.02890625 0.07734375
1 0.759375 0.328125 0.0296875 0.0578125
1 0.3640625 0.746875 0.03828125 0.09296875
1 0.2734375 0.56484375 0.02578125 0.0515625
1 0.4125 0.34375 0.0234375 0.05390625
1 0.38125 0.39609375 0.02265625 0.040625