1 0.50546875 0.51015625 0.19140625 0.4203125
1 0.31953125 0.465625 0.20234375 0.3796875
1 0.6265625 0.6921875 0.18203125 0.390625
1 0.7546875 0.709375 0.1078125 0.25234375
1 0.37734375 0.76796875 0.20390625 0.36484375
1 0.6484375 0.4203125 0.06171875 0.13046875
1 0.2984375 0.2328125 0.0625 0.121875
1 0.67265625 0.1890625 0.053125 0.059375
1 0.7515625 0.32265625 0.071875 0.1578125
1 0.14921875 0.52421875 0.0484375 0.0890625
1 0.74375 0.22109375 0.03125 0.04609375
1 0.77109375 0.2515625 0.03359375 0.0296875