2 0.40625 0.65390625 0.2984375 0.2578125
2 0.27421875 0.84140625 0.21015625 0.2125
2 0.890625 0.92734375 0.2125 0.1390625
2 0.27734375 0.4078125 0.203125 0.1859375
2 0.7880577421875 0.6872539375 0.7933070859375 0.7084153546875 0.801181103125 0.7118602359375 0.8047900265625 0.72219488125 0.8077427828125 0.7256397640625 0.8202099734375 0.7305610234375 0.8353018375 0.7416338578125 0.8418635171875 0.7440944875 0.8526902890624999 0.7507381890625 0.8651574796875 0.7539370078125 0.8694225718749999 0.756151575 0.8815616796875 0.7563976375 0.8973097109375001 0.7615649609374999 0.9025590546875 0.7608267718749999 0.9078083984375 0.757874015625 0.912401575 0.7586122046875 0.9146981625 0.7603346453125 0.9206036750000001 0.761072834375 0.9340551187499999 0.754675196875 0.9501312343749999 0.7522145671875 0.999671915625 0.735974409375 0.999671915625 0.623523621875 0.9977034124999999 0.6225393703125001 0.9963910765625 0.620078740625 0.9826115484375 0.6102362203125 0.9780183734375001 0.6045767718749999 0.9662073484375 0.5974409453125 0.9642388453124999 0.595226378125 0.9642388453124999 0.5912893703125001 0.957020996875 0.583169290625 0.9379921265625001 0.57160433125 0.9373359578124999 0.5683562984375 0.9373359578124999 0.564222440625 0.9412729656250001 0.5573326765625 0.9468503937499999 0.5398622046875 0.9576771656249999 0.5228838578125 0.9563648296875 0.5189468500000001 0.95275590625 0.5182086609375001 0.9458661421875 0.5187007875 0.9340551187499999 0.5270669296875 0.9304461937499999 0.5344488187499999 0.9235564296875 0.5433070859375 0.9186351703125 0.554872046875 0.909120734375 0.5693897640625 0.9012467187500001 0.5691437015624999 0.8973097109375001 0.5666830703125 0.8897637796875 0.5647145671875 0.8868110234375 0.5625 0.8802493437500001 0.563730315625 0.8651574796875 0.570127953125 0.8556430453124999 0.57160433125 0.8497375328125001 0.5748031499999999 0.8435039375000001 0.5814468500000001 0.8129921265625001 0.59670275625 0.8103674546875 0.5962106296874999 0.8090551187499999 0.5969488187499999 0.8064304468750001 0.60285433125 0.8038057750000001 0.6053149609374999 0.7933070859375 0.6075295281249999 0.7887139109375 0.6119586609375001 0.787401575 0.6154035437500001 0.778871390625 0.62155511875 0.7759186359375 0.626722440625 0.7749343828125 0.6357448328124999 0.7716535437500001 0.64025590625 0.770669290625 0.6446850390625001 0.7713254593750001 0.6496062984375001 0.7782152234375 0.6564960625 0.7785433078125 0.6724901578125 0.7880577421875 0.6872539375
2 0.604002625 0.6648622046875 0.605971128125 0.6685531499999999 0.6049868765624999 0.6791338578125 0.6102362203125 0.6833169296875 0.6102362203125 0.686023621875 0.6079396328125 0.689222440625 0.612204725 0.701771653125 0.60925196875 0.7064468500000001 0.6125328078125001 0.707677165625 0.6145013125000001 0.7098917328125001 0.6125328078125001 0.7130905515625 0.614829396875 0.7160433078125 0.6141732281250001 0.7256397640625 0.6128608921875001 0.7273622046875 0.614829396875 0.7285925203125 0.6167979 0.73400590625 0.6161417328125001 0.7379429140625 0.6190944875 0.739419290625 0.61975065625 0.7413877953125 0.6230314953125 0.7431102359375 0.6230314953125 0.7445866140625 0.629921259375 0.7495078734375 0.6312335953125 0.7522145671875 0.6295931765625 0.7615649609374999 0.6263123359375 0.7662401578125 0.6227034125 0.7755905515625 0.609580053125 0.7989665359375 0.5987532812499999 0.8117618109375 0.5964566921875 0.8166830703124999 0.595800525 0.82209645625 0.5987532812499999 0.832431103125 0.600721784375 0.8336614171875001 0.6033464562499999 0.839320865625 0.60925196875 0.8427657484375001 0.6161417328125001 0.8385826765625 0.6236876640625 0.829724409375 0.6259842515625 0.8248031499999999 0.6289370078125 0.808070865625 0.6368110234375 0.7950295281249999 0.6387795281249999 0.7893700781249999 0.6509186359375 0.773622046875 0.6564960625 0.7714074796875 0.6581364828125 0.7716535437500001 0.6646981624999999 0.773622046875 0.6692913390624999 0.773622046875 0.673228346875 0.775098425 0.6748687656250001 0.776820865625 0.6784776906250001 0.776820865625 0.6853674546875 0.7790354328125 0.6998031499999999 0.776574803125 0.7034120734375 0.776820865625 0.7066929140625 0.7755905515625 0.709973753125 0.7760826765625 0.712598425 0.7741141734375 0.72014435625 0.7726377953125 0.7273622046875 0.7689468500000001 0.7303149609374999 0.7662401578125 0.7401574796875 0.7632874015625 0.74475065625 0.7635334640625 0.7480314953125 0.7620570859375 0.7522965875 0.7620570859375 0.7618110234375 0.7541830703125 0.7673884515625 0.7507381890625 0.773622046875 0.748523621875 0.779527559375 0.7413877953125 0.77985564375 0.738681103125 0.7844488187499999 0.73425196875 0.784776903125 0.730068896875 0.7864173234375 0.7273622046875 0.784776903125 0.7165354328125 0.787729659375 0.7103838578125 0.787073490625 0.6995570859375 0.784776903125 0.6946358265625 0.778871390625 0.6902066921875 0.7778871390625001 0.6823326765625 0.7746062984375001 0.679625984375 0.7732939625 0.6766732281250001 0.7677165359375 0.6564960625 0.7703412078125 0.654773621875 0.7680446187500001 0.651328740625 0.7680446187500001 0.645177165625 0.7726377953125 0.6306594484375 0.7726377953125 0.626722440625 0.7775590546875 0.6161417328125001 0.7778871390625001 0.6117125984375 0.7831364828125 0.6060531499999999 0.7762467187500001 0.592027559375 0.7618110234375 0.57849409375 0.7519685046875 0.5740649609374999 0.7401574796875 0.5723425203125 0.7352362203125 0.570374015625 0.722769028125 0.568651575 0.720472440625 0.567421259375 0.71325459375 0.568651575 0.70964566875 0.567175196875 0.7063648296875 0.5634842515625 0.699475065625 0.5666830703125 0.6948818890624999 0.5666830703125 0.6925853015625 0.5656988187499999 0.6833989500000001 0.5696358265625 0.6784776906250001 0.5691437015624999 0.6663385828124999 0.5745570859375 0.6637139109375 0.57849409375 0.6587926515625 0.5821850390625001 0.6509186359375 0.585875984375 0.6482939625 0.5885826765625 0.6476377953125 0.5917814953125 0.644028871875 0.5942421265625 0.6414042 0.598671259375 0.63845144375 0.6008858265625 0.6364829390625 0.6058070859375 0.6315616796875 0.6102362203125 0.6286089234375 0.6114665359375 0.6230314953125 0.617372046875 0.6174540687500001 0.6198326765625 0.616469815625 0.6240157484375 0.6108923890625 0.629675196875 0.6128608921875001 0.63435039375 0.61154855625 0.6397637796875 0.604330709375 0.6508366140625 0.608923884375 0.6560039375 0.6085958 0.6582185046875 0.6069553812499999 0.65920275625 0.604002625 0.6648622046875
2 0.628280840625 0.907726378125 0.6295931765625 0.920521653125 0.6295931765625 0.9463582671875 0.6338582671874999 0.95275590625 0.640419946875 0.9542322828125 0.6433727031250001 0.9539862203125 0.654199475 0.964320865625 0.6581364828125 0.964320865625 0.6614173234375 0.9616141734375001 0.6679790031249999 0.9603838578125 0.673228346875 0.95275590625 0.67814960625 0.9485728343750001 0.6827427828125 0.94660433125 0.694225721875 0.9343011812500001 0.69914698125 0.9296259843750001 0.70275590625 0.92790354375 0.712598425 0.9180610234375 0.71784776875 0.910679134375 0.7237532812499999 0.9067421265625001 0.7519685046875 0.9251968500000001 0.75 0.92839566875 0.744422571875 0.9308562984375 0.7408136484375001 0.9352854328125 0.7378608921875001 0.936023621875 0.7352362203125 0.9426673234375 0.723425196875 0.95300196875 0.7221128609374999 0.95915354375 0.72014435625 0.9598917328125 0.721128609375 0.9685039375000001 0.7168635171875 0.9697342515624999 0.7165354328125 0.9709645671875 0.712270340625 0.973179134375 0.712270340625 0.974901575 0.715223096875 0.976377953125 0.7142388453125 0.9790846453125001 0.7089895015625001 0.9820374015625 0.705380578125 0.985728346875 0.70505249375 0.9889271656249999 0.7070209968750001 0.9916338578125 0.705380578125 0.9931102359375 0.705380578125 0.9948326765625 0.70800525 0.9963090546875 0.709973753125 0.9997539375000001 0.7326115484375 0.9997539375000001 0.7329396328125 0.9975393703125001 0.7378608921875001 0.9943405515625001 0.7417979 0.9931102359375 0.7516404203125 0.9928641734375001 0.7565616796875 0.9891732281250001 0.7621391078124999 0.9876968500000001 0.763123359375 0.9849901578125 0.7693569546875 0.9790846453125001 0.776574803125 0.9758858265624999 0.8192257218749999 0.99040354375 0.8188976374999999 0.9911417328125 0.8208661421875 0.9921259843750001 0.8284120734375 0.9921259843750001 0.8307086609375001 0.9911417328125 0.832020996875 0.987204725 0.8316929140625 0.9808070859375 0.824475065625 0.96875 0.8208661421875 0.9667814953124999 0.8179133859375 0.9598917328125 0.8074146984375 0.9566929140625 0.8041338578125 0.9522637796875 0.7942913390624999 0.9448818890625 0.7929790031249999 0.942175196875 0.7933070859375 0.9320866140625 0.8015091859375 0.9079724406249999 0.80085301875 0.9005905515625001 0.7962598421875 0.894931103125 0.7936351703125 0.8887795281249999 0.7880577421875 0.8843503937499999 0.782480315625 0.8818897640625 0.77985564375 0.8769685046875001 0.7759186359375 0.8737696843749999 0.7680446187500001 0.870324803125 0.7664042 0.8661417328125 0.7618110234375 0.8617125984375 0.734580053125 0.848425196875 0.729002625 0.8420275593750001 0.7112860890625 0.8351377953125001 0.7030839890625 0.8292322828125 0.6984908140625 0.8299704718750001 0.69094488125 0.8270177171875 0.6473097109375 0.8289862203125 0.6354986874999999 0.8371062984375 0.6259842515625 0.8378444875 0.6230314953125 0.839074803125 0.6204068234375 0.8449803156250001 0.620078740625 0.8526082671875 0.62204724375 0.857775590625 0.622375328125 0.8836122046874999 0.628280840625 0.907726378125
2 0.340223096875 0.889025590625 0.34087926562500004 0.8954232281250001 0.3438320203125 0.9005905515625001 0.34744094531249997 0.9040354328125 0.3467847765625 0.9079724406249999 0.3494094484375 0.910679134375 0.356627296875 0.9146161421875 0.35925196875 0.9197834640625 0.361220471875 0.9212598421875 0.367125984375 0.9229822828125 0.369422571875 0.9271653546874999 0.3707349078125 0.9335629921875 0.3769685046875 0.9382381890625 0.377624671875 0.9426673234375 0.39632545937499997 0.9601377953125001 0.406824146875 0.96579724375 0.41469816249999997 0.976870078125 0.41830708593750004 0.97834645625 0.46358267656249996 0.9773622046874999 0.46686351718749997 0.9761318890625 0.47047244062500004 0.976377953125 0.47375328124999994 0.9753937015625 0.479330709375 0.9697342515624999 0.48589238906250004 0.9662893703125001 0.5045931765625 0.9618602359375 0.520669290625 0.9552165359375 0.5524934390625 0.948080709375 0.5570866140625 0.9493110234375 0.5646325453125 0.9485728343750001 0.5748031499999999 0.9453740156249999 0.5816929140625 0.94709645625 0.58464566875 0.9498031499999999 0.5918635171875 0.9507874015625 0.5990813640625 0.9495570859375 0.6053149609374999 0.94709645625 0.6099081359375 0.9478346453125001 0.6128608921875001 0.9500492125 0.6174540687500001 0.9478346453125001 0.6230314953125 0.94045275625 0.6227034125 0.9365157484375001 0.624671915625 0.9291338578125 0.625 0.9096948812500001 0.6230314953125 0.89714566875 0.6190944875 0.8836122046874999 0.619422571875 0.8656496062500001 0.6154855640625 0.8555610234375 0.6099081359375 0.8486712593749999 0.60104986875 0.8425196843749999 0.5971128609374999 0.8348917328125 0.5915354328125 0.82824803125 0.5905511812500001 0.8176673234375 0.5889107609375 0.8152066921875001 0.5839895015625001 0.8117618109375 0.5833333328125 0.8102854328125 0.58464566875 0.8070866140625 0.579724409375 0.7957677171875 0.568569553125 0.785925196875 0.5623359578125 0.7819881890625 0.5570866140625 0.775098425 0.5396981624999999 0.767224409375 0.5223097109375 0.76550196875 0.5150918640625 0.7603346453125 0.51115485625 0.7603346453125 0.5062335953125 0.7625492125 0.5016404203125 0.7603346453125 0.496719159375 0.7595964562499999 0.49442257187500005 0.757627953125 0.48425196875000004 0.754675196875 0.4812992125 0.7566437015624999 0.4740813640625 0.7586122046875 0.46850393749999997 0.7632874015625 0.46391076093750006 0.7645177171875 0.45275590625 0.7637795281249999 0.4484908140625 0.767224409375 0.3730314953125 0.8075787406250001 0.3677821515625 0.818651575 0.35925196875 0.8211122046874999 0.359580053125 0.823818896875 0.3556430453125 0.8257874015625 0.35006561718749996 0.8351377953125001 0.346128609375 0.845226378125 0.3421916015625 0.8486712593749999 0.33923884531250004 0.8666338578125 0.33562992187499996 0.8730314953124999 0.33562992187499996 0.8759842515624999 0.340223096875 0.889025590625
2 0.032480315625 0.5912893703125001 0.034120734375 0.5976870078125 0.0396981625 0.601377953125 0.042322834375 0.6053149609374999 0.04265091875 0.60925196875 0.0488845140625 0.6124507875 0.053805775 0.6168799218750001 0.056430446875 0.623277559375 0.059711285937500004 0.6269685046875 0.063976378125 0.629921259375 0.0688976375 0.6309055125 0.07152230937500001 0.632874015625 0.07316272968750001 0.6365649609374999 0.0780839890625 0.6400098421875 0.0816929140625 0.6397637796875 0.085629921875 0.6439468500000001 0.095800525 0.6481299218750001 0.10695538125 0.6496062984375001 0.1125328078125 0.651820865625 0.1161417328125 0.6505905515625 0.11942257187500001 0.6510826765625 0.1204068234375 0.6488681109375001 0.1266404203125 0.6454232281250001 0.1338582671875 0.6464074796875 0.1371391078125 0.6488681109375001 0.14009186406250002 0.64689960625 0.143372703125 0.64689960625 0.151574803125 0.6441929140625 0.1587926515625 0.6345964562499999 0.16174540625 0.626230315625 0.16437007812499999 0.6242618109375 0.169619421875 0.6124507875 0.17519685000000002 0.60925196875 0.17683727031250002 0.605068896875 0.1791338578125 0.60310039375 0.1853674546875 0.6008858265625 0.19094488125 0.59719488125 0.201771653125 0.5932578734375 0.20636482968749997 0.589320865625 0.20800524999999997 0.5851377953125 0.20833333281250002 0.5772637796875 0.20636482968749997 0.570127953125 0.1958661421875 0.5509350390625001 0.18635170625 0.5437992125 0.18405511875 0.5369094484375 0.178805775 0.5287893703125001 0.1646981625 0.5179625984375 0.141076115625 0.510580709375 0.1125328078125 0.5115649609374999 0.10925196875000001 0.5125492125 0.10564304531249999 0.51574803125 0.10236220468749999 0.51550196875 0.0997375328125 0.516978346875 0.095472440625 0.516978346875 0.0918635171875 0.518454725 0.0948162734375 0.5273129921875 0.09284776875 0.5314960625 0.08858267656249999 0.5339566921875 0.0807086609375 0.5332185046875 0.074475065625 0.52829724375 0.071194225 0.5275590546875 0.066272965625 0.529527559375 0.06364829375 0.529527559375 0.060695537499999994 0.5280511812500001 0.053805775 0.529773621875 0.049868765625 0.5332185046875 0.0396981625 0.5364173234375 0.035761154687500005 0.5396161421875 0.037401575 0.5428149609374999 0.031824146875 0.551181103125 0.0259186359375 0.5543799218750001 0.0249343828125 0.5565944875 0.02395013125 0.5676673234375 0.0269028875 0.582431103125 0.029527559375 0.5883366140625 0.032480315625 0.5912893703125001
2 0.15944881875 0.6811023625 0.15944881875 0.6899606296874999 0.1610892390625 0.695374015625 0.1646981625 0.6995570859375 0.16437007812499999 0.7101377953125 0.167979003125 0.71579724375 0.1715879265625 0.7256397640625 0.18044619374999998 0.7322834640625 0.1824146984375 0.74064960625 0.1879921265625 0.7448326765625 0.1899606296875 0.7480314953125 0.188320209375 0.7522145671875 0.196194225 0.75344488125 0.199475065625 0.7598425203125 0.20275590625 0.762795275 0.2109580046875 0.7600885828124999 0.21653543281249998 0.751722440625 0.2194881890625 0.7497539375 0.22375328125 0.7492618109375 0.22965879218750002 0.7458169296875 0.24803149531250002 0.7404035437500001 0.2516404203125 0.7426181109375001 0.254921259375 0.7411417328125001 0.2582021 0.7369586609375001 0.265419946875 0.7354822828125 0.2670603671875 0.73425196875 0.2700131234375 0.7308070859375 0.270997375 0.723671259375 0.2650918640625 0.7189960625 0.2621391078125 0.7135826765625 0.2604986875 0.7071850390625001 0.26082677187500003 0.698818896875 0.25688976406249997 0.6906988187499999 0.2565616796875 0.6875 0.2621391078125 0.6749507875 0.262795275 0.663877953125 0.269028871875 0.651574803125 0.2746062984375 0.6321358265625 0.27755905468750003 0.626230315625 0.27854330781250003 0.6213090546875 0.27755905468750003 0.60900590625 0.2864173234375 0.598671259375 0.287073490625 0.594980315625 0.28444881875 0.589074803125 0.27493438281250004 0.5853838578125 0.27296587968749997 0.5823080703125 0.2703412078125 0.5666830703125 0.270997375 0.54650590625 0.26968503906249996 0.537401575 0.2670603671875 0.5292814953125 0.2618110234375 0.5238681109375001 0.2516404203125 0.5214074796875 0.25 0.5223917328125001 0.2477034125 0.52829724375 0.250328084375 0.538877953125 0.25 0.5615157484375 0.2509842515625 0.566929134375 0.24967191562500002 0.580954725 0.2477034125 0.58464566875 0.2322834640625 0.585875984375 0.2270341203125 0.5853838578125 0.223425196875 0.5863681109375001 0.2194881890625 0.5898129921875 0.20997375312500002 0.5898129921875 0.2034120734375 0.5959645671875 0.19685039375 0.5974409453125 0.194225721875 0.5991633859375 0.1896325453125 0.6067913390624999 0.1856955375 0.6082677171875 0.18208661406249999 0.6075295281249999 0.1771653546875 0.6112204718750001 0.17519685000000002 0.6166338578125 0.1745406828125 0.6247539375 0.1735564296875 0.626476378125 0.167979003125 0.629675196875 0.16535433125000001 0.6336122046875 0.162073490625 0.651820865625 0.1578083984375 0.657726378125 0.157480315625 0.6616633859375 0.1587926515625 0.664124015625 0.1578083984375 0.6759350390625001 0.15944881875 0.6811023625
2 0.036417323437499996 0.6946358265625 0.051181103125 0.698818896875 0.057742782812500004 0.6990649609374999 0.07677165312499999 0.7062007875 0.0780839890625 0.7103838578125 0.0770997375 0.7130905515625 0.077427821875 0.7241633859375 0.0816929140625 0.7273622046875 0.0843175859375 0.7367125984375 0.092519684375 0.7448326765625 0.0967847765625 0.751230315625 0.1030183734375 0.754675196875 0.10564304531249999 0.7635334640625 0.116469815625 0.7714074796875 0.12762467187499998 0.7775590546875 0.13024934375 0.7837106296874999 0.133530184375 0.785679134375 0.1397637796875 0.787401575 0.1509186359375 0.7935531499999999 0.1584645671875 0.7937992125 0.162729659375 0.795275590625 0.1712598421875 0.801181103125 0.17847769062500002 0.8001968500000001 0.181430446875 0.789124015625 0.1856955375 0.7871555125 0.19061679843749998 0.782726378125 0.191929134375 0.779773621875 0.19094488125 0.776328740625 0.19652230937499998 0.7723917328125001 0.20045931718749999 0.76550196875 0.196194225 0.7571358265625 0.188320209375 0.7554133859375 0.1873359578125 0.748277559375 0.18011811093750002 0.7401574796875 0.17749343906249998 0.7332677171875 0.1712598421875 0.7276082671874999 0.1666666671875 0.717027559375 0.16174540625 0.70964566875 0.1587926515625 0.6978346453125 0.1578083984375 0.6820866140625 0.1558398953125 0.6788877953125 0.15518372656249999 0.67224409375 0.1525590546875 0.667322834375 0.1528871390625 0.6633858265625 0.15944881875 0.6510826765625 0.1578083984375 0.6476377953125 0.130577428125 0.6567421265625 0.11942257187500001 0.6589566921875 0.11712598437499999 0.661171259375 0.1161417328125 0.6643700781249999 0.1079396328125 0.6670767718749999 0.1053149609375 0.6692913390624999 0.0941601046875 0.6852854328125 0.08858267656249999 0.6884842515625 0.0810367453125 0.689222440625 0.07775590624999999 0.6872539375 0.068569553125 0.6852854328125 0.06364829375 0.682824803125 0.0521653546875 0.6801181109375001 0.0436351703125 0.6766732281250001 0.0390419953125 0.6771653546875 0.036417323437499996 0.6737204718750001 0.0173884515625 0.6742125984375 0.0147637796875 0.6751968500000001 0.015091864062499998 0.6806102359375 0.020997375 0.6867618109375 0.0232939625 0.692421259375 0.036417323437499996 0.6946358265625
2 0.125 0.48646653593750006 0.1391076109375 0.4963090546875 0.14041994687499998 0.49827755937499996 0.14632545937500002 0.5007381890625 0.148622046875 0.5031988187499999 0.154199475 0.506151575 0.1791338578125 0.5145177171875 0.188320209375 0.5196850390625001 0.19750656093750002 0.5226377953125 0.200131234375 0.5258366140625 0.19914698125000002 0.5285433078125 0.19980314999999998 0.5332185046875 0.196194225 0.5398622046875 0.1958661421875 0.5433070859375 0.199475065625 0.551919290625 0.20308398906249997 0.557824803125 0.2057086609375 0.55954724375 0.20997375312500002 0.5691437015624999 0.21850393750000002 0.57824803125 0.22375328125 0.5814468500000001 0.2381889765625 0.5814468500000001 0.24179789999999998 0.5802165359375 0.24475065625 0.5812007875 0.24934383124999998 0.57849409375 0.2509842515625 0.5745570859375 0.250328084375 0.548474409375 0.2516404203125 0.5398622046875 0.24934383124999998 0.52829724375 0.25360892343749997 0.5223917328125001 0.2621391078125 0.5253444875 0.2673884515625 0.5290354328125 0.2693569546875 0.532480315625 0.2719816265625 0.54724409375 0.2723097109375 0.5723425203125 0.27493438281250004 0.57849409375 0.2811679796875 0.579478346875 0.29035433125 0.57824803125 0.2916666671875 0.5733267718749999 0.3208661421875 0.542322834375 0.323818896875 0.5351870078125 0.330380578125 0.5332185046875 0.334973753125 0.5302657484375 0.3418635171875 0.5189468500000001 0.34087926562500004 0.51550196875 0.33464566875 0.5123031499999999 0.3313648296875 0.507627953125 0.327427821875 0.5071358265625 0.32414698125 0.507874015625 0.30347769062499996 0.50344488125 0.27854330781250003 0.5036909453125 0.25524934374999997 0.5004921265625 0.2463910765625 0.501230315625 0.2322834640625 0.5004921265625 0.22736220468749999 0.5007381890625 0.20997375312500002 0.5063976375 0.19652230937499998 0.5066437015624999 0.1893044625 0.5036909453125 0.17519685000000002 0.5 0.16141732343749998 0.49089566875 0.154527559375 0.4896653546875 0.1427165359375 0.4854822828125 0.1368110234375 0.4803149609375 0.1289370078125 0.476870078125 0.116469815625 0.47465551250000004 0.1046587921875 0.476624015625 0.10564304531249999 0.47834645625 0.10958005312500001 0.479330709375 0.1125328078125 0.4817913390625 0.125 0.48646653593750006
2 0 0.40329724375 0.0013123359375 0.40329724375 0.003280840625 0.4057578734375 0.019028871875 0.4165846453125 0.012795275 0.42814960625 0.0065616796875 0.43208661406250004 0.0062335953125000005 0.4367618109375 0.0082021 0.4461122046875 0.031824146875 0.4630905515625 0.042322834375 0.48425196875000004 0.0524934390625 0.4911417328125 0.0570866140625 0.49975393749999997 0.063976378125 0.5027066921875 0.0688976375 0.50344488125 0.07414698125 0.507627953125 0.10236220468749999 0.511072834375 0.10958005312500001 0.5103346453125 0.1161417328125 0.5081200781249999 0.138123359375 0.5068897640625 0.1417322828125 0.501476378125 0.1348425203125 0.49753937031250006 0.1318897640625 0.4926181109375 0.12007874062499999 0.48523622031249997 0.1158136484375 0.48277559062500003 0.1046587921875 0.479330709375 0.1026902890625 0.476870078125 0.10498687656250001 0.47342519687499995 0.1266404203125 0.47465551250000004 0.1371391078125 0.479576771875 0.14074803125 0.4790846453125 0.143372703125 0.479822834375 0.1473097109375 0.48351377968750003 0.15124671875 0.48375984218749996 0.1532152234375 0.48769685 0.157480315625 0.4881889765625 0.1656824140625 0.491879921875 0.1742125984375 0.4980314953125 0.18208661406249999 0.5 0.186023621875 0.498769684375 0.1870078734375 0.49532480312500005 0.1932414703125 0.48769685 0.193569553125 0.48154527500000005 0.1879921265625 0.4707185046875 0.1856955375 0.46284448749999996 0.1853674546875 0.4562007875 0.183727034375 0.45275590625 0.1853674546875 0.4458661421875 0.18208661406249999 0.44291338593749996 0.1827427828125 0.42199803124999996 0.18011811093750002 0.41141732343750004 0.17847769062500002 0.41018700781249995 0.1712598421875 0.40625 0.16076115468750002 0.4042814953125 0.154199475 0.401328740625 0.1469816265625 0.40108267656249996 0.1371391078125 0.3973917328125 0.1158136484375 0.3976377953125 0.0948162734375 0.3996062984375 0.0807086609375 0.401328740625 0.061023621875 0.4069881890625 0.04199475 0.4067421265625 0.031167979687500003 0.40969488125 0.021981626562500002 0.4057578734375 0.015419946875000002 0.4005905515625 0.0036089234375 0.39542322812499997 0.0016404203125 0.393454725 0 0.393454725 0 0.40329724375
2 0.5616797906250001 0.46358267656249996 0.5711942249999999 0.476870078125 0.5816929140625 0.48400590625 0.5889107609375 0.4911417328125 0.593175853125 0.501230315625 0.5918635171875 0.504675196875 0.5918635171875 0.5123031499999999 0.5974409453125 0.5191929140625 0.5980971125 0.52780511875 0.604002625 0.5364173234375 0.6056430453125 0.5428149609374999 0.60925196875 0.5477362203125 0.6207349078125 0.548474409375 0.6281167984375 0.5510580703125 0.6371391078124999 0.5565944875 0.648622046875 0.5568405515625 0.6614173234375 0.55954724375 0.66699475 0.55954724375 0.6811023625 0.5573326765625 0.6866797906250001 0.5538877953125 0.6961942249999999 0.551427165625 0.7057086609375001 0.535679134375 0.73425196875 0.526820865625 0.7411417328125001 0.5196850390625001 0.7463910765625 0.5063976375 0.755577428125 0.49606299218750005 0.7595144359375 0.48572834687500005 0.7562335953125 0.4598917328125 0.7542650921875 0.45300196875000004 0.7513123359375 0.448572834375 0.749671915625 0.438976378125 0.746719159375 0.43454724375 0.73425196875 0.42544291406249996 0.7135826765625 0.4146161421875 0.70275590625 0.413877953125 0.6925853015625 0.40920275625 0.6689632546875 0.40452755937499996 0.6371391078124999 0.39074803125 0.6000656171875 0.3853346453125 0.5853018375000001 0.3875492125 0.579396325 0.3897637796875 0.572178478125 0.3944389765625 0.5649606296874999 0.39689960625 0.556430446875 0.40329724375 0.55314960625 0.407480315625 0.5433070859375 0.41289370156249994 0.5390419953125 0.42741141718750003 0.5357611546875 0.4338090546875 0.5354330703125 0.43996062968749994 0.54199475 0.45398622031249997 0.5469160109375 0.457677165625 0.5616797906250001 0.46358267656249996
2 0.5439632546875 0.45472440937499997 0.5501968500000001 0.457923228125 0.5898950125 0.49311023593750003 0.595472440625 0.5027066921875 0.5948162734375 0.5088582671874999 0.5964566921875 0.511072834375 0.596128609375 0.51550196875 0.5990813640625 0.52214566875 0.5980971125 0.5258366140625 0.60104986875 0.5305118109375 0.6046587921875 0.5410925203125 0.60925196875 0.5474901578125 0.6233595796875 0.548228346875 0.6318897640625 0.5538877953125 0.637795275 0.556348425 0.6479658796875001 0.5565944875 0.6578083984374999 0.5593011812500001 0.6666666671875 0.5600393703125001 0.6788057750000001 0.5583169296875 0.68635170625 0.5541338578125 0.694225721875 0.5529035437500001 0.7001312343749999 0.5477362203125 0.7066929140625 0.54699803125 0.7112860890625 0.5487204718750001 0.7237532812499999 0.561269684375 0.7322834640625 0.5679133859375 0.7408136484375001 0.570127953125 0.7454068234375 0.5698818890624999 0.74934383125 0.5681594484375 0.75 0.563976378125 0.7454068234375 0.5536417328125001 0.7391732281250001 0.548228346875 0.7358923890625 0.54699803125 0.7349081359375 0.5381397640625 0.736876640625 0.536171259375 0.7349081359375 0.5258366140625 0.7404855640625 0.520669290625 0.74704724375 0.5054133859375 0.7565616796875 0.495078740625 0.7588582671874999 0.49064960625 0.7598425203125 0.48375984218749996 0.7562335953125 0.45939960625 0.7545931765625 0.45349409375 0.750328084375 0.4458661421875 0.74934383125 0.438976378125 0.7463910765625 0.43503937031250006 0.7385170609375 0.42839566875 0.7267060375 0.42027559062500003 0.718175853125 0.41756889687500004 0.71325459375 0.4148622046875 0.7001312343749999 0.41313976406249997 0.6922572171875 0.40920275625 0.6686351703125 0.404773621875 0.659776903125 0.40157480312500005 0.6479658796875001 0.395177165625 0.6371391078124999 0.39074803125 0.61154855625 0.38730315000000004 0.6033464562499999 0.3853346453125 0.5816929140625 0.3895177171875 0.5728346453125 0.39468503906249996 0.56594488125 0.39665354375 0.5541338578125 0.407480315625 0.5469160109375 0.411171259375 0.5433070859375 0.4148622046875 0.5360892390625 0.4352854328125 0.53674540625 0.442421259375 0.5393700781249999 0.445127953125 0.5439632546875 0.45472440937499997
2 0.36975065625000003 0.5177165359375 0.372375328125 0.51599409375 0.382874015625 0.512795275 0.3868110234375 0.5098425203125 0.390419946875 0.5100885828124999 0.3973097109375 0.5071358265625 0.40452755937499996 0.5071358265625 0.41141732343750004 0.5108267718749999 0.415026246875 0.511072834375 0.41797900312499997 0.5125492125 0.420603675 0.5118110234375 0.42486876562500003 0.5137795281249999 0.4291338578125 0.5182086609375001 0.438976378125 0.5211614171875001 0.4422572171875 0.5204232281250001 0.446194225 0.5214074796875 0.44914698125 0.520177165625 0.45472440937499997 0.51550196875 0.45866141718750003 0.507627953125 0.4911417328125 0.51525590625 0.49409448749999996 0.5204232281250001 0.4986876640625 0.520177165625 0.5041338578125 0.52204724375 0.5088582671874999 0.5255905515625 0.5118110234375 0.530019684375 0.5226377953125 0.5369094484375 0.5262467187500001 0.5445374015625 0.5305118109375 0.5499507875 0.5308398953125 0.5565944875 0.526574803125 0.5605314953125 0.5249343828125 0.563730315625 0.5203412078125 0.567175196875 0.5183727031250001 0.5706200781249999 0.529199475 0.5895669296875 0.540026246875 0.5900590546875 0.545603675 0.589320865625 0.5488845140625 0.587598425 0.5498687656250001 0.5853838578125 0.5538057750000001 0.5851377953125 0.5570866140625 0.582677165625 0.5656167984375 0.566929134375 0.574475065625 0.5558562984375001 0.576771653125 0.5509350390625001 0.5813648296875 0.5474901578125 0.5843175859375 0.5433070859375 0.5869422578125 0.5364173234375 0.5938320203125 0.5258366140625 0.5944881890625 0.52214566875 0.5915354328125 0.5164862203125 0.590879265625 0.4992618109375 0.5892388453125 0.49409448749999996 0.582677165625 0.48646653593750006 0.573572834375 0.481114665625 0.5679133859375 0.4729330703125 0.5633202093749999 0.4694881890625 0.5616797906250001 0.4665354328125 0.5534776906250001 0.4613681109375 0.5469160109375 0.4598917328125 0.5396981624999999 0.454970471875 0.5331364828125 0.45398622031249997 0.52985564375 0.45447834687500005 0.5187007875 0.448572834375 0.515419946875 0.448326771875 0.5118110234375 0.4463582671875 0.5036089234375 0.44414370156249994 0.4937664046875 0.442421259375 0.492125984375 0.4382381890625 0.4980314953125 0.4370078734375 0.4983595796875 0.43577755937499996 0.484580053125 0.43134842500000004 0.478674540625 0.4318405515625 0.470800525 0.43061023593750003 0.45045931718750004 0.4301181109375 0.4452099734375 0.4311023625 0.4379921265625 0.42814960625 0.4311023625 0.42790354375 0.42486876562500003 0.4286417328125 0.42125984218749996 0.43479330781250003 0.41535433125 0.43774606250000003 0.414370078125 0.438976378125 0.415026246875 0.44069881874999994 0.40944881874999994 0.44217519687499995 0.406824146875 0.4463582671875 0.3973097109375 0.44709645625 0.393372703125 0.44980315 0.3871391078125 0.451279528125 0.38648293906250003 0.45324803124999996 0.388779528125 0.4554625984375 0.388779528125 0.457923228125 0.3815616796875 0.4616141734375 0.3769685046875 0.46702755937499996 0.369422571875 0.4707185046875 0.36646981562500003 0.4751476375 0.3605643046875 0.48769685 0.3608923890625 0.506151575 0.3628608921875 0.5162401578125 0.36975065625000003 0.5177165359375
2 0.770669290625 0.414124015625 0.7719816265625 0.417322834375 0.7700131234375001 0.4229822828125 0.7680446187500001 0.42347440937499997 0.765419946875 0.42224409375 0.76345144375 0.4244586609375 0.76115485625 0.42519685 0.7614829390625 0.426673228125 0.7598425203125 0.42790354375 0.758530184375 0.4276574796875 0.7539370078125 0.43208661406250004 0.76345144375 0.4884350390625 0.7595144359375 0.501722440625 0.7608267718749999 0.5039370078125 0.7673884515625 0.507627953125 0.7700131234375001 0.5150098421875 0.782480315625 0.5226377953125 0.78674540625 0.5231299218750001 0.7896981624999999 0.5246062984375001 0.7942913390624999 0.529527559375 0.7969160109375 0.5307578734375 0.82775590625 0.54035433125 0.837598425 0.5410925203125 0.8520341203124999 0.5450295281249999 0.8582677171875 0.5445374015625 0.8674540687500001 0.541830709375 0.8835301843750001 0.5398622046875 0.8858267718749999 0.5376476375 0.89665354375 0.5349409453125 0.9012467187500001 0.5349409453125 0.90485564375 0.5337106296874999 0.9078083984375 0.5351870078125 0.9189632546875 0.5231299218750001 0.9343832015625001 0.5120570859375 0.9376640421875001 0.5054133859375 0.9396325453125 0.49458661406250004 0.9376640421875001 0.470226378125 0.9311023625000001 0.4446358265625 0.917979003125 0.4242125984375 0.8946850390625001 0.40969488125 0.8828740156249999 0.40526574843749996 0.8818897640625 0.40354330781250003 0.877624671875 0.40108267656249996 0.8664698156249999 0.39714566875 0.8458005249999999 0.3944389765625 0.8421916015625 0.3932086609375 0.82414698125 0.392470471875 0.8143044625 0.393454725 0.8077427828125 0.3927165359375 0.7998687656250001 0.3932086609375 0.794619421875 0.3964074796875 0.79035433125 0.4040354328125 0.7916666671875 0.40895669218749997 0.7883858265625 0.40969488125 0.7775590546875 0.3991141734375 0.7732939625 0.3927165359375 0.769028871875 0.39050196875 0.7614829390625 0.39025590625 0.7542650921875 0.393454725 0.7542650921875 0.3976377953125 0.7559055125 0.4005905515625 0.7650918640625 0.4082185046875 0.770669290625 0.414124015625
2 0.6259842515625 0.35457677187500003 0.6309055125 0.358021653125 0.6325459312499999 0.3624507875 0.6325459312499999 0.36884842500000004 0.6433727031250001 0.3875492125 0.654527559375 0.395177165625 0.6656824140625 0.40083661406250004 0.6768372703125001 0.4042814953125 0.6925853015625 0.407480315625 0.699475065625 0.41067913437500003 0.7135826765625 0.41141732343750004 0.7267060375 0.40969488125 0.7329396328125 0.40625 0.742125984375 0.40378937031250006 0.755577428125 0.3912401578125 0.7608267718749999 0.38902559062500003 0.7650918640625 0.3885334640625 0.769028871875 0.38312007812500004 0.7759186359375 0.3809055125 0.778871390625 0.376722440625 0.782480315625 0.37450787343749997 0.7864173234375 0.3663877953125 0.7887139109375 0.35925196875 0.7883858265625 0.348671259375 0.7785433078125 0.320374015625 0.7752624671875 0.317421259375 0.7759186359375 0.313730315625 0.76574803125 0.3006889765625 0.7565616796875 0.2945374015625 0.7516404203125 0.28937007812500004 0.7355643046875 0.27829724375 0.7244094484375 0.2748523625 0.7198162734375 0.2753444875 0.709973753125 0.27214566875 0.69455380625 0.2711614171875 0.68635170625 0.2728838578125 0.6850393703125001 0.2753444875 0.6791338578125 0.27780511875 0.6751968500000001 0.2753444875 0.669619421875 0.279527559375 0.649278215625 0.301427165625 0.6417322828125 0.30561023593750003 0.6338582671874999 0.3117618109375 0.629921259375 0.31865157499999996 0.6236876640625 0.3245570859375 0.6207349078125 0.33144684999999996 0.6204068234375 0.3351377953125 0.6240157484375 0.3447342515625 0.6233595796875 0.3489173234375 0.6259842515625 0.35457677187500003
2 0.3421916015625 0.22514763750000003 0.3546587921875 0.22219488125 0.3654855640625 0.22219488125 0.3730314953125 0.224901575 0.3772965875 0.2246555125 0.38648293906250003 0.226377953125 0.3927165359375 0.2332677171875 0.40649606250000003 0.241879921875 0.4101049875 0.248523621875 0.41830708593750004 0.2539370078125 0.425524934375 0.25541338593749996 0.4356955375 0.2522145671875 0.449475065625 0.24015747968749998 0.452427821875 0.233021653125 0.4665354328125 0.210629921875 0.46784776875 0.2066929140625 0.46587926562500004 0.1850393703125 0.46325459375 0.1786417328125 0.46325459375 0.17495078749999998 0.45669291406249996 0.16166338593750001 0.44980315 0.1587106296875 0.43963254531249996 0.1601870078125 0.4376640421875 0.157726378125 0.44127296562499996 0.15329724375 0.444225721875 0.1461614171875 0.45669291406249996 0.13459645625 0.45964566875 0.13016732343749998 0.46095800468750003 0.1254921265625 0.4724409453125 0.11269685 0.4747375328125 0.1072834640625 0.47375328124999994 0.104330709375 0.470800525 0.10310039374999999 0.468175853125 0.10359252031249999 0.46227034062500005 0.1072834640625 0.4425853015625 0.12598425156249998 0.42519685 0.14714566874999999 0.42158792656250005 0.1473917328125 0.41797900312499997 0.1432086609375 0.4156824140625 0.1432086609375 0.4133858265625 0.1414862203125 0.40780839843749994 0.1400098421875 0.3914042 0.143454725 0.38582677187500003 0.14665354375 0.38024934374999997 0.151574803125 0.3736876640625 0.1520669296875 0.3628608921875 0.1567421265625 0.361220471875 0.157972440625 0.3585958 0.16437007812499999 0.3523622046875 0.167568896875 0.34875328125 0.1707677171875 0.3471128609375 0.1786417328125 0.340223096875 0.18233267656250002 0.33562992187499996 0.188976378125 0.3336614171875 0.19611220468749999 0.332020996875 0.20275590625 0.332020996875 0.210629921875 0.334973753125 0.2226870078125 0.3421916015625 0.22514763750000003
2 0.26312335937500003 0.3038877953125 0.2618110234375 0.3068405515625 0.26246719218750003 0.311023621875 0.26148293906250003 0.3144685046875 0.2650918640625 0.32480315000000004 0.2759186359375 0.32652559062500003 0.2814960625 0.3255413390625 0.3690944875 0.3602362203125 0.375328084375 0.37180118125 0.3792650921875 0.3740157484375 0.3868110234375 0.373769684375 0.3914042 0.37155511875 0.3976377953125 0.37130905468750003 0.4009186359375 0.3725393703125 0.40780839843749994 0.3678641734375 0.41108923906249994 0.35900590625 0.420603675 0.34916338593749996 0.4238845140625 0.3427657484375 0.43536745468750004 0.3373523625 0.4425853015625 0.32972440937499997 0.4481627296875 0.3181594484375 0.4475065609375 0.3102854328125 0.449475065625 0.301427165625 0.44914698125 0.2930610234375 0.4455380578125 0.2876476375 0.4425853015625 0.2792814953125 0.40452755937499996 0.24434055156249998 0.395669290625 0.239173228125 0.3871391078125 0.23006889687499998 0.3769685046875 0.22736220468749999 0.3740157484375 0.22810039375 0.367125984375 0.22588582656249998 0.3661417328125 0.22391732343749998 0.3585958 0.22391732343749998 0.356627296875 0.224901575 0.3523622046875 0.224901575 0.3436679796875 0.22810039375 0.33464566875 0.2288385828125 0.3266076109375 0.23412893750000002 0.3106955375 0.237204725 0.30708661406250004 0.2399114171875 0.279527559375 0.25 0.25853018437499997 0.27165354375 0.2516404203125 0.28494094531249997 0.2516404203125 0.289124015625 0.25459317656249997 0.29355315000000004 0.2618110234375 0.298597440625 0.26312335937500003 0.3038877953125
2 0.45374015781250004 0.4276574796875 0.48425196875000004 0.4288877953125 0.49606299218750005 0.43085629843750006 0.51115485625 0.43577755937499996 0.529527559375 0.43651574843749996 0.53215223125 0.43454724375 0.5354330703125 0.4286417328125 0.5357611546875 0.4256889765625 0.5426509187499999 0.41166338593749996 0.550524934375 0.407480315625 0.5567585296875001 0.3996062984375 0.5629921265625 0.395177165625 0.57414698125 0.39050196875 0.5810367453125 0.3848425203125 0.584973753125 0.3836122046875 0.5869422578125 0.3752460625 0.5816929140625 0.3730314953125 0.57775590625 0.3730314953125 0.574475065625 0.37180118125 0.5734908140625 0.36269684999999996 0.584973753125 0.3602362203125 0.58464566875 0.3558070859375 0.566272965625 0.3378444875 0.5551181109375001 0.3304625984375 0.5331364828125 0.323080709375 0.5196850390625001 0.32062007812500004 0.4908136484375 0.3196358265625 0.48097112812500004 0.3245570859375 0.4799868765625 0.3287401578125 0.475721784375 0.3302165359375 0.47145669218749997 0.3334153546875 0.46358267656249996 0.33562992187499996 0.462926509375 0.33759842500000004 0.459973753125 0.3395669296875 0.45866141718750003 0.3459645671875 0.452427821875 0.3523622046875 0.449475065625 0.360728346875 0.44324147031249994 0.36958661406250004 0.44324147031249994 0.3730314953125 0.43963254531249996 0.37549212656250003 0.4379921265625 0.379921259375 0.43471128593749997 0.3836122046875 0.430774278125 0.398622046875 0.4301181109375 0.405019684375 0.431430446875 0.41166338593749996 0.4393044625 0.42322834687500005 0.45374015781250004 0.4276574796875
2 0.83825459375 0.282972440625 0.85695538125 0.2871555125 0.87204724375 0.29675196875 0.8786089234375 0.311023621875 0.8812335953125 0.32160433125 0.887795275 0.3316929140625 0.890419946875 0.33833661406250004 0.893372703125 0.339074803125 0.9087926515625 0.3385826765625 0.920275590625 0.3398129921875 0.9320866140625 0.33833661406250004 0.938976378125 0.3336614171875 0.9425853015625 0.332677165625 0.948818896875 0.32800196875 0.95800525 0.3176673234375 0.9639107609374999 0.3065944875 0.9648950125000001 0.29527559062500003 0.962926509375 0.28666338593749996 0.960629921875 0.28444881875 0.95734908125 0.276820865625 0.9514435703125 0.2691929140625 0.936679790625 0.2566437015625 0.92585301875 0.2522145671875 0.9183070859375 0.2472933078125 0.9045275593750001 0.2431102359375 0.890419946875 0.2416338578125 0.888123359375 0.24040354375 0.8864829390625 0.23671259843749998 0.8874671921875 0.21678149531250002 0.8845144359375 0.20964566874999999 0.8802493437500001 0.2071850390625 0.8766404203124999 0.207677165625 0.8736876640625001 0.21309055156249998 0.875328084375 0.226870078125 0.875328084375 0.23671259843749998 0.8736876640625001 0.24040354375 0.8628608921875 0.24138779531250001 0.855971128125 0.243848425 0.8523622046874999 0.2433562984375 0.847769028125 0.24630905468750003 0.8454724406249999 0.24483267656250002 0.837926509375 0.2509842515625 0.8343175859375 0.2559055125 0.82775590625 0.260580709375 0.82775590625 0.27583661406250004 0.83005249375 0.279527559375 0.83464566875 0.282972440625 0.83825459375 0.282972440625
2 0.790026246875 0.3631889765625 0.7860892390625 0.373277559375 0.7860892390625 0.38041338593749996 0.7906824140625 0.3853346453125 0.7962598421875 0.38902559062500003 0.808070865625 0.3912401578125 0.8490813640624999 0.3929625984375 0.8582677171875 0.39050196875 0.8704068234375001 0.3801673234375 0.8730314953124999 0.3730314953125 0.878280840625 0.36564960625 0.8861548562499999 0.342027559375 0.8858267718749999 0.33464566875 0.8802493437500001 0.323818896875 0.8769685046875001 0.3105314953125 0.8694225718749999 0.29699803125 0.8556430453124999 0.28863188906250004 0.8143044625 0.2810039375 0.8077427828125 0.2883858265625 0.8038057750000001 0.2869094484375 0.795275590625 0.2898622046875 0.7896981624999999 0.2930610234375 0.787401575 0.29699803125 0.7860892390625 0.3073326765625 0.779527559375 0.317175196875 0.79035433125 0.3523622046875 0.790026246875 0.3631889765625
2 0.8697506562499999 0.38730315000000004 0.8661417328125 0.39394684999999996 0.8727034124999999 0.3973917328125 0.8799212593749999 0.3996062984375 0.894028871875 0.40083661406250004 0.9045275593750001 0.40329724375 0.9146981625 0.40723425156250004 0.9251968500000001 0.41313976406249997 0.94160105 0.4180610234375 0.9432414703124999 0.4187992125 0.9455380578125 0.42273622031249997 0.9438976374999999 0.4276574796875 0.9445538062500001 0.43208661406250004 0.9461942249999999 0.4333169296875 0.9514435703125 0.43405511875 0.9563648296875 0.4318405515625 0.9645669296875001 0.4151082671875 0.9648950125000001 0.40944881874999994 0.9639107609374999 0.40329724375 0.9589895015625001 0.39222440937499997 0.9589895015625001 0.3870570859375 0.9563648296875 0.3838582671875 0.9425853015625 0.376476378125 0.9307742781250001 0.373769684375 0.914370078125 0.3663877953125 0.9009186359375001 0.363927165625 0.8874671921875 0.3624507875 0.8838582671875 0.3631889765625 0.8766404203124999 0.37180118125 0.875328084375 0.379921259375 0.8727034124999999 0.3833661421875 0.8727034124999999 0.3853346453125 0.8697506562499999 0.38730315000000004
2 0.729330709375 0.79675196875 0.7349081359375 0.8021653546874999 0.73654855625 0.8115157484375001 0.7411417328125001 0.820127953125 0.7483595796875 0.8255413390624999 0.7516404203125 0.829724409375 0.7490157484375 0.83415354375 0.75 0.8398129921875 0.7565616796875 0.8457185046875001 0.7588582671874999 0.8494094484374999 0.7762467187500001 0.85900590625 0.7769028875 0.8614665359375 0.7831364828125 0.86589566875 0.784776903125 0.8693405515625001 0.798228346875 0.8791830703124999 0.800524934375 0.8870570859375 0.8031496062500001 0.8885334640625 0.808070865625 0.8895177171875 0.8248031499999999 0.8868110234375 0.82775590625 0.8858267718749999 0.83234908125 0.8809055125 0.8405511812500001 0.8762303156250001 0.8490813640624999 0.8752460624999999 0.85925196875 0.8718011812500001 0.8704068234375001 0.8718011812500001 0.8897637796875 0.8651574796875 0.8946850390625001 0.8649114171875001 0.9035433078124999 0.867372046875 0.917979003125 0.86589566875 0.925524934375 0.8663877953125001 0.9288057750000001 0.86589566875 0.93635170625 0.8617125984375 0.9458661421875 0.8663877953125001 0.949475065625 0.8663877953125001 0.952427821875 0.86540354375 0.9557086609375001 0.8624507875 0.9576771656249999 0.8572834640625 0.9560367453125 0.8447342515624999 0.9616141734375001 0.8351377953125001 0.9616141734375001 0.8240649609374999 0.9566929140625 0.8132381890625 0.95734908125 0.8070866140625 0.955380578125 0.8004429140625 0.9465223093749999 0.7881397640625 0.9425853015625 0.7785433078125 0.9370078734374999 0.775098425 0.9353674546875 0.7679625984375 0.936679790625 0.76550196875 0.9356955375 0.7647637796875 0.9340551187499999 0.7667322828125 0.9291338578125 0.76550196875 0.917979003125 0.76599409375 0.9114173234375 0.7645177171875 0.9009186359375001 0.7647637796875 0.8802493437500001 0.7608267718749999 0.877624671875 0.7615649609374999 0.8700787406250001 0.761072834375 0.8625328078125 0.7571358265625 0.8494094484374999 0.754675196875 0.84514435625 0.7524606296874999 0.8412073484375 0.7527066921875 0.83825459375 0.7490157484375 0.8343175859375 0.7495078734375 0.8316929140625 0.748769684375 0.8261154859375001 0.7448326765625 0.8251312343749999 0.7369586609375001 0.8172572171875 0.7320374015625 0.8070866140625 0.7295767718749999 0.8041338578125 0.7308070859375 0.8031496062500001 0.73400590625 0.7936351703125 0.74089566875 0.7769028875 0.7504921265625 0.774278215625 0.7554133859375 0.76345144375 0.7586122046875 0.7565616796875 0.7632874015625 0.7490157484375 0.76525590625 0.7454068234375 0.7679625984375 0.7378608921875001 0.7689468500000001 0.7349081359375 0.7723917328125001 0.7352362203125 0.775098425 0.7335958 0.776574803125 0.730971128125 0.7758366140625 0.729330709375 0.7773129921875 0.7283464562499999 0.779527559375 0.7322834640625 0.785679134375 0.729002625 0.7930610234375 0.729330709375 0.79675196875
2 0.6437007875 0.8218503937499999 0.657480315625 0.8070866140625 0.659120734375 0.794045275 0.6578083984374999 0.79035433125 0.6473097109375 0.7871555125 0.644028871875 0.79060039375 0.640419946875 0.7915846453125 0.6309055125 0.8073326765625 0.6289370078125 0.813976378125 0.6289370078125 0.8193897640625 0.6272965875 0.8245570859375 0.63024934375 0.8275098421875 0.6437007875 0.8218503937499999
2 0.5147637796875 0.7581200781249999 0.5223097109375 0.7637795281249999 0.5262467187500001 0.76525590625 0.5413385828124999 0.7662401578125 0.5498687656250001 0.7687007875 0.5574146984375 0.773375984375 0.563976378125 0.78125 0.56955380625 0.78469488125 0.58005249375 0.794045275 0.5866141734375 0.8036417328125 0.5885826765625 0.8093011812500001 0.5912073484375 0.8117618109375 0.59514435625 0.8129921265625001 0.6023622046875 0.8073326765625 0.6056430453125 0.8004429140625 0.6128608921875001 0.7913385828124999 0.6259842515625 0.76574803125 0.624671915625 0.760580709375 0.6187664046875 0.7524606296874999 0.6167979 0.7445866140625 0.6053149609374999 0.71875 0.605971128125 0.7130905515625 0.604330709375 0.710875984375 0.6023622046875 0.7025098421875 0.598425196875 0.7012795281249999 0.5948162734375 0.6970964562499999 0.576771653125 0.6899606296874999 0.5675853015625 0.6838090546875 0.56135170625 0.681348425 0.5469160109375 0.682824803125 0.5413385828124999 0.6847933078125 0.537401575 0.6877460625 0.5308398953125 0.700295275 0.5259186359375 0.70300196875 0.5223097109375 0.7066929140625 0.5170603671875 0.7214566921875 0.5118110234375 0.7244094484375 0.499671915625 0.7367125984375 0.489829396875 0.7436023625 0.48654855625 0.7480314953125 0.48523622031249997 0.751722440625 0.5013123359375 0.7566437015624999 0.51115485625 0.7568897640625 0.5147637796875 0.7581200781249999
2 0.6371391078124999 0.141978346875 0.6391076109375 0.14370078749999998 0.6387795281249999 0.14763779531250001 0.633530184375 0.15083661406249999 0.6322178484375 0.154527559375 0.633530184375 0.1646161421875 0.645669290625 0.1791338578125 0.6479658796875001 0.1806102359375 0.65485564375 0.179625984375 0.6601049875 0.18233267656250002 0.6630577421875 0.185777559375 0.6646981624999999 0.195374015625 0.6689632546875 0.19365157500000002 0.6719160109375 0.19685039375 0.675524934375 0.19709645625 0.677821521875 0.1995570859375 0.6896325453125 0.20546259843749998 0.705380578125 0.21013779531250001 0.7168635171875 0.21555118125 0.7381889765625 0.21579724374999998 0.74475065625 0.21382874062499999 0.74934383125 0.21087598437500002 0.7677165359375 0.19242125937500001 0.773622046875 0.18233267656250002 0.7814960625 0.1724901578125 0.787729659375 0.160925196875 0.7893700781249999 0.148622046875 0.7883858265625 0.13435039375 0.7844488187499999 0.12598425156249998 0.7769028875 0.11638779531250001 0.765419946875 0.1067913390625 0.7582021 0.1026082671875 0.744422571875 0.0964566921875 0.7286745406249999 0.0935039375 0.7168635171875 0.088828740625 0.70964566875 0.08956692968749999 0.7037401578125 0.0883366140625 0.688976378125 0.088828740625 0.659120734375 0.09891732343750001 0.6558398953125 0.1011318890625 0.6466535437500001 0.10211614218750001 0.6446850390625001 0.1038385828125 0.6387795281249999 0.10580708593749999 0.630577428125 0.1195866140625 0.621719159375 0.1252460625 0.6210629921875 0.13016732343749998 0.6233595796875 0.13435039375 0.629921259375 0.1397637796875 0.6371391078124999 0.141978346875
2 0.5764435703124999 0.23400590625 0.5823490812500001 0.2369586609375 0.5885826765625 0.241879921875 0.5912073484375 0.2475393703125 0.579396325 0.26402559062500003 0.5770997375 0.2723917328125 0.57775590625 0.28125 0.5734908140625 0.28666338593749996 0.5748031499999999 0.2974901578125 0.5734908140625 0.2994586609375 0.5731627296874999 0.3211122046875 0.57775590625 0.3312007875 0.587270340625 0.34375 0.5987532812499999 0.3508858265625 0.6076115484375 0.35310039375 0.619422571875 0.35310039375 0.622375328125 0.34916338593749996 0.62204724375 0.342519684375 0.61975065625 0.33562992187499996 0.620078740625 0.329478346875 0.6322178484375 0.3122539375 0.6414042 0.30511811093749996 0.654527559375 0.298228346875 0.6581364828125 0.2937992125 0.6784776906250001 0.2770669296875 0.68405511875 0.2760826765625 0.688976378125 0.2714074796875 0.6925853015625 0.27189960625 0.6955380578125 0.270177165625 0.7070209968750001 0.2682086609375 0.7093175859375 0.2620570859375 0.70275590625 0.2598425203125 0.6925853015625 0.251476378125 0.6614173234375 0.2431102359375 0.654527559375 0.238927165625 0.6430446187500001 0.23745078749999998 0.6358267718749999 0.238927165625 0.6230314953125 0.239173228125 0.616469815625 0.24040354375 0.6105643046875 0.23941929062499998 0.60925196875 0.23769685 0.600721784375 0.23523622031250002 0.5964566921875 0.229576771875 0.59514435625 0.2241633859375 0.5859580046875 0.21875 0.5784120734375 0.212598425 0.574475065625 0.211122046875 0.5702099734375 0.211122046875 0.566272965625 0.2133366140625 0.5646325453125 0.217273621875 0.568569553125 0.2212106296875 0.5728346453125 0.229822834375 0.5764435703124999 0.23400590625
2 0.46719160156250006 0.2937992125 0.470800525 0.2979822828125 0.47211286093749993 0.3036417328125 0.47375328124999994 0.304872046875 0.4832677171875 0.307578740625 0.48654855625 0.3117618109375 0.4904855640625 0.314222440625 0.5045931765625 0.3181594484375 0.5200131234375001 0.317175196875 0.529199475 0.3196358265625 0.537073490625 0.3196358265625 0.5429790031249999 0.31865157499999996 0.5462598421875 0.31619094531249997 0.5541338578125 0.3147145671875 0.55905511875 0.311023621875 0.5679133859375 0.299704725 0.56955380625 0.282726378125 0.5725065609375 0.2682086609375 0.5711942249999999 0.2600885828125 0.57185039375 0.2551673234375 0.5679133859375 0.24778543281249998 0.5656167984375 0.239173228125 0.5616797906250001 0.23523622031250002 0.5492125984375 0.217273621875 0.5541338578125 0.20300196874999998 0.5606955375 0.1911909453125 0.561023621875 0.1852854328125 0.558727034375 0.182824803125 0.5570866140625 0.18208661406249999 0.55314960625 0.182824803125 0.5498687656250001 0.18430118125 0.5459317578125 0.1882381890625 0.5413385828124999 0.204970471875 0.499671915625 0.21579724374999998 0.49442257187500005 0.21505905468750003 0.4895013125 0.21653543281249998 0.486220471875 0.21875 0.48097112812500004 0.21998031562499998 0.475721784375 0.223425196875 0.47178477656249995 0.22834645625 0.46095800468750003 0.23745078749999998 0.4583333328125 0.2445866140625 0.4560367453125 0.25935039375 0.4593175859375 0.2837106296875 0.4616141734375 0.2898622046875 0.46719160156250006 0.2937992125
2 0.7411417328125001 0.2522145671875 0.7440944875 0.2502460625 0.744422571875 0.24434055156249998 0.7486876640625 0.2379429140625 0.7513123359375 0.23597440937499997 0.7559055125 0.236220471875 0.760170603125 0.24138779531250001 0.7624671921874999 0.2509842515625 0.7644356953125 0.25295275625 0.7831364828125 0.25541338593749996 0.7896981624999999 0.25812007812500004 0.7942913390624999 0.2588582671875 0.7965879265625 0.2620570859375 0.8034776906250001 0.26574803125 0.8129921265625001 0.2664862203125 0.8175853015625 0.26525590625 0.8211942249999999 0.2625492125 0.8284120734375 0.2551673234375 0.83005249375 0.2509842515625 0.83464566875 0.24507874062499999 0.8395669296875001 0.2411417328125 0.8438320203125 0.2349901578125 0.8454724406249999 0.231545275 0.8471128609375 0.21678149531250002 0.85104986875 0.21309055156249998 0.8523622046874999 0.2098917328125 0.850721784375 0.20300196874999998 0.837598425 0.19094488125 0.8280839890625 0.1847933078125 0.8103674546875 0.1791338578125 0.8034776906250001 0.179625984375 0.7995406828125 0.16486220468749999 0.7959317578125 0.1633858265625 0.790026246875 0.1628937015625 0.787401575 0.1651082671875 0.7828083984374999 0.17814960625 0.7778871390625001 0.185777559375 0.765419946875 0.195374015625 0.7513123359375 0.211122046875 0.73654855625 0.21875 0.7332677171875 0.22170275625000002 0.729002625 0.2308070859375 0.7276902890625 0.23745078749999998 0.729002625 0.24089566874999999 0.7355643046875 0.24901574843750002 0.7411417328125001 0.2522145671875
2 0.5282152234375 0.095226378125 0.5301837265625 0.09055118125 0.5331364828125 0.0917814953125 0.5344488187499999 0.0959645671875 0.5364173234375 0.09793307031250001 0.5675853015625 0.11048228281250001 0.5708661421875 0.1134350390625 0.5810367453125 0.1181102359375 0.595800525 0.1272145671875 0.605971128125 0.135826771875 0.61154855625 0.13410433125000001 0.619422571875 0.1222933078125 0.6236876640625 0.1198326765625 0.625 0.11663385781249999 0.6263123359375 0.116879921875 0.629921259375 0.11294291406250001 0.6364829390625 0.10211614218750001 0.6555118109375 0.095472440625 0.65485564375 0.08759842500000001 0.6420603671875 0.070374015625 0.64074803125 0.066929134375 0.6368110234375 0.063730315625 0.6289370078125 0.0627460625 0.596128609375 0.0364665359375 0.5971128609374999 0.025836614062500003 0.5997375328125 0.0187007875 0.598425196875 0.015501968750000001 0.59514435625 0.013779528125000001 0.5885826765625 0.013779528125000001 0.587270340625 0.015255906250000001 0.5839895015625001 0.0332185046875 0.5810367453125 0.0366633859375 0.57775590625 0.037401575 0.574475065625 0.035679134375 0.5574146984375 0.038877953124999996 0.5501968500000001 0.0430610234375 0.5462598421875 0.0428149609375 0.5328083984374999 0.048720471875 0.5180446187500001 0.06348425156250001 0.5137795281249999 0.07160433125 0.5141076109375 0.08956692968749999 0.51574803125 0.095472440625 0.5259186359375 0.0964566921875 0.5282152234375 0.095226378125
2 0.407480315625 0.1382874015625 0.4192913390625 0.138779528125 0.4238845140625 0.14050196875 0.42519685 0.1444389765625 0.4327427828125 0.1382874015625 0.4370078734375 0.132627953125 0.45669291406249996 0.11294291406250001 0.4619422578125 0.10580708593749999 0.45308398906249997 0.1001476375 0.44291338593749996 0.0994094484375 0.44028871406250003 0.09621062968750001 0.44192913437500003 0.08120078750000001 0.4452099734375 0.0743110234375 0.447178478125 0.0573326765625 0.44685039375 0.0538877953125 0.4425853015625 0.05019685 0.43963254531249996 0.052411417187499997 0.43175852968750006 0.063976378125 0.42814960625 0.07160433125 0.4265091859375 0.080954725 0.4137139109375 0.09793307031250001 0.3969816265625 0.104330709375 0.3894356953125 0.10900590624999999 0.3792650921875 0.1198326765625 0.3707349078125 0.126476378125 0.3651574796875 0.1380413390625 0.358923884375 0.1461614171875 0.35925196875 0.15305118125 0.370078740625 0.15108267656250002 0.379921259375 0.1441929140625 0.407480315625 0.1382874015625
2 0.358923884375 0.14763779531250001 0.35925196875 0.1498523625 0.3608923890625 0.15083661406249999 0.36351706093749997 0.15083661406249999 0.369422571875 0.1478838578125 0.3730314953125 0.1473917328125 0.375328084375 0.144931103125 0.37959317656249997 0.14370078749999998 0.403871390625 0.139271653125 0.40780839843749994 0.137795275 0.42027559062500003 0.13730314999999998 0.42322834687500005 0.138779528125 0.42519685 0.143454725 0.43208661406250004 0.1382874015625 0.45669291406249996 0.10925196875000001 0.4563648296875 0.1055610234375 0.45308398906249997 0.1003937015625 0.44980315 0.10211614218750001 0.4455380578125 0.101377953125 0.4425853015625 0.098671259375 0.44028871406250003 0.098425196875 0.438976378125 0.095595471875 0.44094488125 0.0834153546875 0.4448818890625 0.0757874015625 0.446194225 0.0691437015625 0.44685039375 0.054379921875 0.4425853015625 0.049950787499999996 0.4393044625 0.052903543750000004 0.431430446875 0.064222440625 0.42814960625 0.07160433125 0.42454068281249996 0.085629921875 0.41404199531249997 0.0976870078125 0.390419946875 0.10875984218750001 0.38254593125 0.11712598437499999 0.3727034125 0.125 0.3690944875 0.13016732343749998 0.36384514375 0.1429625984375 0.36154855625 0.14394685000000002 0.361220471875 0.1461614171875 0.358923884375 0.14763779531250001
2 0.20997375312500002 0.2618110234375 0.2194881890625 0.269931103125 0.2306430453125 0.28937007812500004 0.23851706093749997 0.29527559062500003 0.2411417328125 0.2947834640625 0.24475065625 0.292322834375 0.2539370078125 0.2753444875 0.26082677187500003 0.2667322828125 0.27624671875 0.251230315625 0.2933070859375 0.2426181109375 0.32414698125 0.2317913390625 0.3261154859375 0.22834645625 0.3257874015625 0.223425196875 0.32414698125 0.21973425156249998 0.318569553125 0.21678149531250002 0.2965879265625 0.217273621875 0.290026246875 0.21973425156249998 0.2723097109375 0.21998031562499998 0.2516404203125 0.22317913437499998 0.2378608921875 0.229822834375 0.233923884375 0.233021653125 0.22440944843750002 0.2539370078125 0.22080052499999997 0.2556594484375 0.2171916015625 0.2524606296875 0.2119422578125 0.24483267656250002 0.2066929140625 0.24089566874999999 0.2020997375 0.23941929062499998 0.1958661421875 0.24064960625 0.196194225 0.2445866140625 0.19914698125000002 0.24901574843750002 0.20898950156249999 0.25910433125 0.20997375312500002 0.2618110234375
2 0.7057086609375001 0.25935039375 0.70964566875 0.260580709375 0.7139107609375 0.2598425203125 0.71784776875 0.2566437015625 0.72014435625 0.2519685046875 0.7194881890625 0.2475393703125 0.720800525 0.2440944875 0.7083333328125 0.220226378125 0.7004593171875 0.2160433078125 0.6922572171875 0.20890747968749998 0.683727034375 0.2042322828125 0.6788057750000001 0.2025098421875 0.6689632546875 0.20226377968749998 0.66535433125 0.2005413390625 0.6633858265625 0.1958661421875 0.662401575 0.185777559375 0.6581364828125 0.1811023625 0.654199475 0.179625984375 0.6499343828125 0.179625984375 0.6453412078125 0.1815944875 0.65485564375 0.2381889765625 0.6564960625 0.24089566874999999 0.6637139109375 0.2445866140625 0.7057086609375001 0.25935039375