2 0.33415354375 0.3976377953125 0.336122046875 0.40190288750000003 0.34104330781250003 0.40912073437499996 0.3447342515625 0.41240157499999996 0.35285433125 0.42585301875 0.35605315000000004 0.428805775 0.3649114171875 0.43307086562499997 0.37155511875 0.44291338593749996 0.376476378125 0.447178478125 0.379675196875 0.4563648296875 0.3836122046875 0.46095800468750003 0.38656496093750004 0.46227034062500005 0.39394684999999996 0.46227034062500005 0.407480315625 0.4593175859375 0.41092519687499995 0.4563648296875 0.4119094484375 0.45275590625 0.42322834687500005 0.4484908140625 0.4271653546875 0.443569553125 0.43159448749999996 0.428805775 0.44069881874999994 0.415026246875 0.44438976406249997 0.40813648281250003 0.4448818890625 0.40485564375000005 0.43503937031250006 0.36581364843749997 0.4367618109375 0.361220471875 0.44135506874999997 0.3599081359375 0.4448818890625 0.362204725 0.45103346406249994 0.38024934374999997 0.45644685 0.38615485625 0.46579724375 0.380577428125 0.476870078125 0.3772965875 0.47834645625 0.37434383125 0.479576771875 0.36646981562500003 0.479330709375 0.334973753125 0.4751476375 0.323818896875 0.47490157499999996 0.313976378125 0.46899606250000003 0.30314960625 0.46407480312500005 0.29101049843750004 0.4584153546875 0.28576115468749996 0.43922244062500004 0.27985564375 0.4318405515625 0.2719816265625 0.4084645671875 0.263779528125 0.3885334640625 0.26804461874999996 0.375 0.276574803125 0.3617125984375 0.287729659375 0.34694881875 0.306430446875 0.34424212656250003 0.311679790625 0.34079724375 0.3205380578125 0.338828740625 0.3290682421875 0.33292322812499997 0.3415354328125 0.3319389765625 0.348425196875 0.3316929140625 0.355971128125 0.3334153546875 0.3661417328125 0.333169290625 0.3914042 0.33415354375 0.3976377953125
2 0.6387795281249999 0.653871390625 0.642224409375 0.6584645671875 0.651574803125 0.6630577421875 0.6552657484375 0.6666666671875 0.66560039375 0.681430446875 0.6788877953125 0.6955380578125 0.6946358265625 0.7014435703124999 0.7106299218750001 0.7014435703124999 0.7165354328125 0.69914698125 0.724901575 0.6984908140625 0.754921259375 0.6745406828125 0.7563976375 0.6719160109375 0.7571358265625 0.667322834375 0.760580709375 0.662073490625 0.767224409375 0.6581364828125 0.7704232281250001 0.654527559375 0.77214566875 0.6502624671875 0.7758366140625 0.6496062984375001 0.776820865625 0.6476377953125 0.77829724375 0.632874015625 0.7807578734375 0.6236876640625 0.779773621875 0.6126968500000001 0.7802657484375 0.6049868765624999 0.7780511812500001 0.5987532812499999 0.7748523625 0.59514435625 0.773375984375 0.5869422578125 0.7677165359375 0.5807086609375001 0.7664862203125 0.573818896875 0.762795275 0.5643044625 0.7635334640625 0.55905511875 0.7647637796875 0.5570866140625 0.7647637796875 0.55314960625 0.7608267718749999 0.5305118109375 0.7551673234375 0.529199475 0.7495078734375 0.53215223125 0.748277559375 0.520997375 0.7497539375 0.519028871875 0.7497539375 0.516076115625 0.7536909453125 0.5121391078124999 0.7536909453125 0.5098425203125 0.7509842515625 0.5088582671874999 0.74704724375 0.502624671875 0.7101377953125 0.47342519687499995 0.7025098421875 0.47309711249999997 0.6963582671874999 0.46850393749999997 0.6884842515625 0.46850393749999997 0.676919290625 0.47342519687499995 0.661171259375 0.48228346406249994 0.650098425 0.4980314953125 0.6454232281250001 0.5016404203125 0.6432086609375001 0.504921259375 0.6387795281249999 0.5193569546875 0.6323818890624999 0.531824146875 0.629675196875 0.5396981624999999 0.6225393703125001 0.5501968500000001 0.6227854328125 0.5538057750000001 0.6183562984375001 0.5675853015625 0.6166338578125 0.590223096875 0.6247539375 0.6230314953125 0.6358267718749999 0.645669290625 0.6387795281249999 0.653871390625
2 0.657480315625 0.8067585296875001 0.657726378125 0.8126640421875001 0.6555118109375 0.82414698125 0.65625 0.8280839890625 0.6626476375 0.8438320203125 0.6643700781249999 0.8520341203124999 0.669045275 0.855971128125 0.6729822828125 0.8608923890625 0.6756889765625 0.8664698156249999 0.6852854328125 0.8769685046875001 0.695127953125 0.8838582671875 0.6993110234375 0.8854986874999999 0.7069389765625 0.8854986874999999 0.7098917328125001 0.8828740156249999 0.713828740625 0.8822178484375 0.723671259375 0.8891076109375 0.743848425 0.8920603671875 0.7620570859375 0.8914042 0.7691929140625 0.88845144375 0.7758366140625 0.8802493437500001 0.7822342515625 0.8766404203124999 0.787401575 0.8645013125000001 0.7915846453125 0.859580053125 0.791830709375 0.8497375328125001 0.794045275 0.8389107609374999 0.79035433125 0.8257874015625 0.7920767718749999 0.8149606296874999 0.7908464562499999 0.8034776906250001 0.792568896875 0.7959317578125 0.7901082671874999 0.7860892390625 0.7837106296874999 0.7752624671875 0.7817421265625 0.765419946875 0.776328740625 0.7516404203125 0.770177165625 0.7437664046875 0.7620570859375 0.7385170609375 0.7519685046875 0.7375328078125001 0.7480314953125 0.729002625 0.7448326765625 0.7253937015624999 0.7401574796875 0.7237532812499999 0.7376968500000001 0.7191601046875 0.7354822828125 0.7217847765625 0.720226378125 0.720472440625 0.704724409375 0.7168635171875 0.7042322828125 0.7109580046875 0.701525590625 0.70964566875 0.6926673234375 0.7093175859375 0.686269684375 0.7119422578125 0.6786417328125001 0.7089895015625001 0.6712598421875 0.7162073484375 0.6660925203125 0.717519684375 0.6631397640625 0.72014435625 0.6601870078125 0.729330709375 0.6535433078125 0.741469815625 0.6525590546875 0.7509842515625 0.6520669296875 0.7755905515625 0.6555118109375 0.7864173234375 0.6599409453125 0.795603675 0.657480315625 0.8067585296875001
2 0.2010334640625 0.41076115468749996 0.201279528125 0.41633858281249997 0.20004921250000002 0.42519685 0.2037401578125 0.44881889687500004 0.20964566874999999 0.45702099687500003 0.2241633859375 0.46259842500000004 0.2290846453125 0.45800525 0.2305610234375 0.45308398906249997 0.23425196874999998 0.44685039375 0.24089566874999999 0.4478346453125 0.24507874062499999 0.4511154859375 0.24630905468750003 0.45505249374999995 0.245324803125 0.45669291406249996 0.24655511875 0.45866141718750003 0.24655511875 0.4616141734375 0.2426181109375 0.4691601046875 0.2433562984375 0.4740813640625 0.24507874062499999 0.4776902890625 0.2472933078125 0.479330709375 0.2635334640625 0.47834645625 0.279773621875 0.47211286093749993 0.2819881890625 0.46686351718749997 0.2876476375 0.46259842500000004 0.2933070859375 0.462926509375 0.29699803125 0.4616141734375 0.3134842515625 0.449475065625 0.3188976375 0.4438976375 0.3243110234375 0.43536745468750004 0.3255413390625 0.43208661406250004 0.3257874015625 0.42454068281249996 0.3292322828125 0.41469816249999997 0.3289862203125 0.4009186359375 0.3307086609375 0.3969816265625 0.33144684999999996 0.3917322828125 0.329970471875 0.38418635156250003 0.3319389765625 0.3766404203125 0.3319389765625 0.3690944875 0.3307086609375 0.36253280781249997 0.32849409375 0.3582677171875 0.3255413390625 0.33464566875 0.323818896875 0.32808398906249997 0.31791338593749996 0.3126640421875 0.311023621875 0.3041338578125 0.311269684375 0.30019684999999996 0.29847440937499997 0.29691601093750003 0.29060039375 0.29265091875000004 0.282972440625 0.2906824140625 0.276574803125 0.29265091875000004 0.2509842515625 0.2942913390625 0.24138779531250001 0.3021653546875 0.23745078749999998 0.302821521875 0.2317913390625 0.3067585296875 0.22736220468749999 0.31299212656250003 0.2246555125 0.3143044625 0.22317913437499998 0.31791338593749996 0.2194881890625 0.3205380578125 0.21678149531250002 0.32480315000000004 0.2113681109375 0.3418635171875 0.21235236249999997 0.351377953125 0.198080709375 0.404199475 0.19980314999999998 0.4058398953125 0.2010334640625 0.41076115468749996
2 0 0.5429790031249999 0.01574803125 0.5406824140625 0.020669290625 0.5380577421875 0.048720471875 0.537073490625 0.0570866140625 0.5393700781249999 0.0605314953125 0.5390419953125 0.0661909453125 0.5328083984374999 0.07185039374999999 0.5196850390625001 0.07677165312499999 0.49934383125000004 0.07677165312499999 0.47309711249999997 0.0743110234375 0.467519684375 0.0691437015625 0.4612860890625 0.067175196875 0.45702099687500003 0.0696358265625 0.44914698125 0.06988188906250001 0.4452099734375 0.064222440625 0.42158792656250005 0.0602854328125 0.41272965937499995 0.0561023625 0.407480315625 0.054872046875000004 0.40288713906250007 0.0492125984375 0.3973097109375 0.039616142187499995 0.3914042 0.0334645671875 0.3897637796875 0.0260826765625 0.3822178484375 0.0118110234375 0.3812335953125 0.001722440625 0.3759842515625 0 0.3759842515625 0 0.5429790031249999
2 0.2822342515625 0.808070865625 0.28494094531249997 0.8070866140625 0.2947834640625 0.8218503937499999 0.2901082671875 0.827427821875 0.2901082671875 0.834973753125 0.2915846453125 0.8389107609374999 0.3004429140625 0.8490813640624999 0.30954724375 0.853674540625 0.3184055125 0.8556430453124999 0.3260334640625 0.8556430453124999 0.3348917328125 0.8517060375 0.3462106296875 0.851377953125 0.3489173234375 0.8530183734375001 0.3555610234375 0.8487532812499999 0.35949803125 0.8490813640624999 0.36269684999999996 0.8474409453125 0.3683562984375 0.8392388453124999 0.373769684375 0.835629921875 0.37549212656250003 0.8313648296875 0.38041338593749996 0.8257874015625 0.38312007812500004 0.8198818890625 0.39050196875 0.811023621875 0.39222440937499997 0.8038057750000001 0.39222440937499997 0.7988845140625 0.39714566875 0.7896981624999999 0.3991141734375 0.7828083984374999 0.398375984375 0.773622046875 0.4082185046875 0.7542650921875 0.41313976406249997 0.7375328078125001 0.4067421265625 0.70275590625 0.40182086562499997 0.6955380578125 0.39542322812499997 0.6896325453125 0.3882874015625 0.6751968500000001 0.37770669218749997 0.662401575 0.36884842500000004 0.657480315625 0.3521161421875 0.656824146875 0.342273621875 0.652230971875 0.330954725 0.6525590546875 0.3144685046875 0.662073490625 0.3083169296875 0.67224409375 0.30290354375 0.6751968500000001 0.2960137796875 0.68635170625 0.2915846453125 0.6958661421875 0.2898622046875 0.6981627296874999 0.286171259375 0.6998031499999999 0.2837106296875 0.70800525 0.2790354328125 0.7106299218750001 0.2755905515625 0.7148950125 0.2709153546875 0.730971128125 0.269931103125 0.741469815625 0.2677165359375 0.75065616875 0.2677165359375 0.76115485625 0.2714074796875 0.784776903125 0.2802657484375 0.8064304468750001 0.2822342515625 0.808070865625
2 0.7145669296875 0.300524934375 0.7128444875 0.305774278125 0.7130905515625 0.3106955375 0.717273621875 0.31660105 0.7192421265625 0.322178478125 0.7310531499999999 0.324475065625 0.7352362203125 0.319225721875 0.7381889765625 0.318569553125 0.7443405515625 0.3225065609375 0.76525590625 0.323818896875 0.7738681109375001 0.3257874015625 0.776574803125 0.327427821875 0.779527559375 0.3316929140625 0.7822342515625 0.332677165625 0.785679134375 0.33234908124999996 0.7896161421875 0.33005249375 0.7935531499999999 0.32414698125 0.7945374015625 0.3143044625 0.798474409375 0.302821521875 0.7977362203125 0.2828083984375 0.8006889765625 0.273622046875 0.79724409375 0.2598425203125 0.7987204718750001 0.24803149531250002 0.7950295281249999 0.241469815625 0.7974901578125 0.23425196874999998 0.79675196875 0.23129921250000002 0.7910925203125 0.22769028906250002 0.7876476375 0.22244094531249997 0.782972440625 0.2093175859375 0.775098425 0.200131234375 0.7758366140625 0.1958661421875 0.7691929140625 0.1922572171875 0.7581200781249999 0.194225721875 0.7563976375 0.19160105 0.7568897640625 0.188976378125 0.7551673234375 0.1827427828125 0.75344488125 0.1873359578125 0.7539370078125 0.1925853015625 0.7524606296874999 0.19750656093750002 0.75 0.19750656093750002 0.7497539375 0.1955380578125 0.748277559375 0.194225721875 0.7436023625 0.19685039375 0.7376968500000001 0.19685039375 0.7308070859375 0.20275590625 0.7194881890625 0.21686351718750002 0.71875 0.220472440625 0.7148129921875 0.22736220468749999 0.7148129921875 0.23359580000000002 0.7135826765625 0.23851706093749997 0.7086614171875001 0.244422571875 0.7057086609375001 0.2539370078125 0.6995570859375 0.2677165359375 0.6995570859375 0.27919947500000003 0.70300196875 0.28937007812500004 0.711122046875 0.292979003125 0.7145669296875 0.300524934375
2 0.1855314953125 0.1978346453125 0.1958661421875 0.20242782187500002 0.205954725 0.2037401578125 0.21309055156249998 0.20275590625 0.21899606249999998 0.199475065625 0.22785433125000001 0.19061679843749998 0.23449803125000002 0.1893044625 0.2381889765625 0.186023621875 0.2379429140625 0.1797900265625 0.2364665359375 0.176181103125 0.237204725 0.1715879265625 0.223425196875 0.154199475 0.22096456718750002 0.145997375 0.223425196875 0.1417322828125 0.22736220468749999 0.1414042 0.23769685 0.148622046875 0.2396653546875 0.14304461875000002 0.2433562984375 0.1374671921875 0.24360236249999997 0.132874015625 0.24680118125 0.12992125937500001 0.24803149531250002 0.1266404203125 0.24507874062499999 0.1131889765625 0.2349901578125 0.0843175859375 0.2317913390625 0.0807086609375 0.22736220468749999 0.0780839890625 0.2229330703125 0.079396325 0.21973425156249998 0.0780839890625 0.21899606249999998 0.0764435703125 0.2180118109375 0.0688976375 0.21875 0.0492125984375 0.21776574843750002 0.0433070859375 0.21875 0.041338582812500003 0.21875 0.036417323437499996 0.217027559375 0.030839895312499997 0.21358267656250002 0.0259186359375 0.2098917328125 0.027230971875 0.20915354375 0.029199475000000003 0.21013779531250001 0.0541338578125 0.20890747968749998 0.06594488125 0.20152559062500003 0.0646325453125 0.1946358265625 0.06660105 0.1852854328125 0.0784120734375 0.1771653546875 0.0918635171875 0.1742125984375 0.1062992125 0.17175196875 0.14665354375 0.17199803125 0.16174540625 0.1744586609375 0.1794619421875 0.1806102359375 0.19291338593750001 0.1855314953125 0.1978346453125
2 0.0883366140625 0.4744094484375 0.0915354328125 0.472769028125 0.10334645625000001 0.48556430468749995 0.09793307031250001 0.505577428125 0.0976870078125 0.5232939625 0.10162401562500001 0.5396981624999999 0.1038385828125 0.5429790031249999 0.10826771718749999 0.5567585296875001 0.110974409375 0.5583989500000001 0.1183562984375 0.5679133859375 0.1257381890625 0.5725065609375 0.1350885828125 0.5702099734375 0.1441929140625 0.5698818890624999 0.15305118125 0.5705380578125 0.16486220468749999 0.574475065625 0.1683070859375 0.572178478125 0.1707677171875 0.566272965625 0.17888779531250001 0.55905511875 0.18430118125 0.5459317578125 0.189222440625 0.526574803125 0.1875 0.5203412078125 0.18454724375 0.5147637796875 0.18430118125 0.5039370078125 0.18651574843750002 0.48884514375 0.186269684375 0.48195538125 0.1875 0.4773622046875 0.1818405515625 0.470800525 0.1806102359375 0.46686351718749997 0.176919290625 0.4619422578125 0.16879921250000002 0.45374015781250004 0.16141732343749998 0.4484908140625 0.157726378125 0.4475065609375 0.1525590546875 0.44881889687500004 0.1414862203125 0.45472440937499997 0.13312007812499999 0.4557086609375 0.1198326765625 0.46325459375 0.1119586609375 0.47211286093749993 0.10580708593749999 0.4770341203125 0.0964566921875 0.46686351718749997 0.0930118109375 0.46522309687499996 0.0848917328125 0.4557086609375 0.07504921249999999 0.45275590625 0.07086614218750001 0.45275590625 0.0688976375 0.45538057812500005 0.0688976375 0.45702099687500003 0.073080709375 0.46325459375 0.07800196875 0.468175853125 0.0883366140625 0.4744094484375
2 0.42125984218749996 0.49901574843749996 0.42470472499999995 0.504921259375 0.42519685 0.515419946875 0.43725393749999997 0.5364173234375 0.44192913437500003 0.5406824140625 0.4493110234375 0.5518372703125001 0.45349409375 0.55544619375 0.46186023593750003 0.566272965625 0.47194881874999994 0.5754593171875 0.4874507875 0.58005249375 0.52780511875 0.5790682421875 0.532726378125 0.5711942249999999 0.536171259375 0.56955380625 0.5398622046875 0.5702099734375 0.5460137796875 0.5646325453125 0.551181103125 0.55314960625 0.5541338578125 0.5501968500000001 0.5556102359375 0.5469160109375 0.558070865625 0.529527559375 0.5538877953125 0.48720472499999995 0.5541338578125 0.47834645625 0.5524114171875001 0.4698162734375 0.5536417328125001 0.46686351718749997 0.5487204718750001 0.45472440937499997 0.54675196875 0.4422572171875 0.5433070859375 0.43503937031250006 0.536171259375 0.42585301875 0.532480315625 0.41830708593750004 0.5226377953125 0.41076115468749996 0.5189468500000001 0.40616797968749996 0.511072834375 0.4025590546875 0.5051673234375 0.3900918640625 0.5019685046875 0.3917322828125 0.49975393749999997 0.3900918640625 0.49606299218750005 0.390419946875 0.48449803124999996 0.38353018437499997 0.4812992125 0.3845144359375 0.47465551250000004 0.38254593125 0.4667814953125 0.3832021 0.4613681109375 0.3871391078125 0.4603838578125 0.3897637796875 0.45866141718750003 0.3897637796875 0.45398622031249997 0.38648293906250003 0.45029527500000005 0.38024934374999997 0.4493110234375 0.3769685046875 0.44660433125 0.3733595796875 0.4446358265625 0.364829396875 0.44266732343750004 0.361220471875 0.438730315625 0.3608923890625 0.43651574843749996 0.362204725 0.436023621875 0.36646981562500003 0.4382381890625 0.38024934374999997 0.44020669218749997 0.3868110234375 0.4431594484375 0.391076115625 0.445620078125 0.3976377953125 0.44660433125 0.40288713906250007 0.4461122046875 0.4160104984375 0.44438976406249997 0.41830708593750004 0.44217519687499995 0.41830708593750004 0.438730315625 0.422572178125 0.43282480312500005 0.43536745468750004 0.429872046875 0.43864829375000003 0.4271653546875 0.4478346453125 0.42519685 0.45045931718750004 0.42273622031249997 0.459973753125 0.42052165312499995 0.47506561718749996 0.4207677171875 0.4803149609375 0.42322834687500005 0.48851706093749997 0.42027559062500003 0.495078740625 0.42125984218749996 0.49901574843749996
2 0.7362204718750001 0.4849081359375 0.7376968500000001 0.48851706093749997 0.7411417328125001 0.489173228125 0.7433562984375001 0.4917979 0.7492618109375 0.49409448749999996 0.754675196875 0.4986876640625 0.756151575 0.4980314953125 0.7568897640625 0.49475065625000003 0.7581200781249999 0.4937664046875 0.767224409375 0.495078740625 0.7723917328125001 0.49278215156250005 0.776574803125 0.49278215156250005 0.7814960625 0.495078740625 0.7822342515625 0.4986876640625 0.7780511812500001 0.5072178484375 0.7770669296875 0.5121391078124999 0.7723917328125001 0.519028871875 0.7687007875 0.5223097109375 0.7694389765625 0.5249343828125 0.76525590625 0.5282152234375 0.76525590625 0.5357611546875 0.7696850390625001 0.5498687656250001 0.7704232281250001 0.5597112859375 0.776328740625 0.5679133859375 0.77829724375 0.5728346453125 0.7792814953125 0.5813648296875 0.7770669296875 0.58464566875 0.7780511812500001 0.5912073484375 0.78420275625 0.600721784375 0.785679134375 0.6053149609374999 0.7864173234375 0.6128608921875001 0.801919290625 0.6236876640625 0.811023621875 0.628280840625 0.8181594484374999 0.6286089234375 0.83464566875 0.6233595796875 0.837598425 0.619422571875 0.8459645671875 0.6184383203125 0.854330709375 0.6125328078125001 0.8693405515625001 0.61154855625 0.8762303156250001 0.6082677171875 0.8816437015625 0.6030183734375 0.8870570859375 0.6030183734375 0.8939468500000001 0.597769028125 0.89665354375 0.5938320203125 0.9079724406249999 0.5839895015625001 0.9160925203125 0.5675853015625 0.9151082671875 0.5570866140625 0.917568896875 0.5465879265625 0.920275590625 0.5436351703125 0.9207677171875 0.5383858265625 0.92224409375 0.5364173234375 0.9254429140625 0.5229658796875001 0.9251968500000001 0.519028871875 0.9227362203125 0.515419946875 0.92224409375 0.504921259375 0.9185531499999999 0.4904855640625 0.913877953125 0.4832677171875 0.910515009375 0.480096128125 0.9079724406249999 0.4747375328125 0.90625 0.46686351718749997 0.9008366140625 0.459973753125 0.8978838578125 0.4589895015625 0.89050196875 0.45209973750000004 0.8781988187499999 0.45275590625 0.873646653125 0.4479986875 0.8747539375000001 0.4458661421875 0.8713090546875 0.4425853015625 0.8690944875 0.43635170624999997 0.856545275 0.428477690625 0.8538385828124999 0.4242125984375 0.8469488187499999 0.41830708593750004 0.8425196843749999 0.4166666671875 0.83464566875 0.4087926515625 0.8314468500000001 0.403871390625 0.811023621875 0.4009186359375 0.8038877953125001 0.3976377953125 0.795275590625 0.3976377953125 0.7723917328125001 0.39993438281250004 0.7519685046875 0.40912073437499996 0.7497539375 0.41141732343750004 0.748523621875 0.4166666671875 0.7440944875 0.41830708593750004 0.7440944875 0.42322834687500005 0.7399114171875001 0.4294619421875 0.737204725 0.4311023625 0.7354822828125 0.436023621875 0.7354822828125 0.44094488125 0.73400590625 0.4452099734375 0.7325295281249999 0.446522309375 0.729330709375 0.459973753125 0.7295767718749999 0.470800525 0.7312992125 0.4770341203125 0.7337598421875 0.48359579999999996 0.7362204718750001 0.4849081359375
2 0.910925196875 0.665026246875 0.9131397640625 0.6742125984375 0.9119094484374999 0.68405511875 0.9131397640625 0.6961942249999999 0.9183070859375 0.7063648296875 0.923474409375 0.720472440625 0.9296259843750001 0.7270341203124999 0.9347933078124999 0.7395013125000001 0.9431594484374999 0.7440944875 0.9495570859375 0.7509842515625 0.9635826765625 0.7572178484375 0.970226378125 0.7621391078124999 0.9808070859375 0.7608267718749999 0.9884350390625001 0.76574803125 0.9911417328125 0.7664042 0.9933562984375 0.7644356953125 0.9972933078124999 0.7575459312499999 0.9997539375000001 0.7565616796875 0.9997539375000001 0.5413385828124999 0.9960629921875 0.5413385828124999 0.9896653546874999 0.537073490625 0.98449803125 0.529199475 0.9729330703124999 0.5275590546875 0.9638287406250001 0.5219816265625 0.9468503937499999 0.5255905515625 0.9355314953124999 0.531824146875 0.9338090546875 0.5364173234375 0.9286417328125 0.5364173234375 0.9251968500000001 0.5383858265625 0.9239665359375 0.54199475 0.9242125984375 0.54724409375 0.9288877953125001 0.5574146984375 0.929872046875 0.5688976375 0.926181103125 0.5770997375 0.9195374015625 0.5820209968750001 0.9180610234375 0.5869422578125 0.914370078125 0.5918635171875 0.9146161421875 0.5941601046875 0.9121555125 0.5967847765625 0.9079724406249999 0.6056430453125 0.9082185046875001 0.60925196875 0.9064960624999999 0.611876640625 0.9057578734374999 0.6368110234375 0.910679134375 0.6473097109375 0.912401575 0.6555118109375 0.910925196875 0.665026246875
2 0.8046259843750001 0.3651574796875 0.8107775593750001 0.36811023593750003 0.8129921265625001 0.375328084375 0.811023621875 0.3812335953125 0.8068405515625001 0.3868110234375 0.8061023625000001 0.390419946875 0.8107775593750001 0.395997375 0.813976378125 0.398622046875 0.8250492125 0.39993438281250004 0.832431103125 0.40321522343750005 0.8417814953124999 0.414370078125 0.8501476374999999 0.4186351703125 0.8715551187499999 0.436023621875 0.8769685046875001 0.4455380578125 0.8767224406249999 0.449475065625 0.89099409375 0.44980315 0.8978838578125 0.443569553125 0.9003444875 0.43963254531249996 0.9099409453125 0.41272965937499995 0.9114173234375 0.4009186359375 0.910925196875 0.39829396250000004 0.9146161421875 0.3897637796875 0.91584645625 0.38418635156250003 0.9156003937499999 0.3690944875 0.914370078125 0.3628608921875 0.9101870078125 0.354330709375 0.910925196875 0.35203412031250003 0.9084645671875 0.3418635171875 0.90625 0.337270340625 0.9050196843749999 0.3313648296875 0.9003444875 0.32152230937500004 0.8868110234375 0.3074146984375 0.8813976374999999 0.3041338578125 0.8784448812500001 0.29691601093750003 0.8732775593750001 0.2933070859375 0.8526082671875 0.2834645671875 0.842273621875 0.2851049875 0.829724409375 0.2916666671875 0.818651575 0.30019684999999996 0.8156988187499999 0.3047900265625 0.8105314953124999 0.316929134375 0.8038877953125001 0.32808398906249997 0.8046259843750001 0.3310367453125 0.8024114171875001 0.334973753125 0.799704725 0.34514435625 0.8006889765625 0.347769028125 0.7994586609375001 0.3526902890625 0.801919290625 0.36187664062499997 0.8046259843750001 0.3651574796875
2 0.28395669218749997 0.5016404203125 0.28494094531249997 0.5059055125 0.2878937015625 0.5108267718749999 0.28666338593749996 0.5170603671875 0.2871555125 0.5301837265625 0.2933070859375 0.545275590625 0.2962598421875 0.548228346875 0.3085629921875 0.5708661421875 0.3147145671875 0.577427821875 0.3188976375 0.5839895015625001 0.32406496093750004 0.587270340625 0.3275098421875 0.5918635171875 0.338828740625 0.596128609375 0.34916338593749996 0.596128609375 0.3587598421875 0.5935039375 0.36417322812499997 0.5898950125 0.37450787343749997 0.57414698125 0.37869094531249997 0.563976378125 0.3885334640625 0.5469160109375 0.389271653125 0.534776903125 0.39222440937499997 0.516076115625 0.3914862203125 0.5013123359375 0.386072834375 0.48720472499999995 0.3836122046875 0.4698162734375 0.38041338593749996 0.459973753125 0.3730314953125 0.4478346453125 0.35925196875 0.43208661406250004 0.35113188906250004 0.4294619421875 0.345472440625 0.4235564296875 0.3373523625 0.42322834687500005 0.3348917328125 0.42191601093750003 0.33144684999999996 0.422572178125 0.32775590625 0.42519685 0.3250492125 0.4370078734375 0.3225885828125 0.4422572171875 0.316929134375 0.44980315 0.30314960625 0.459973753125 0.30093503906249996 0.4645669296875 0.2960137796875 0.46587926562500004 0.2901082671875 0.46358267656249996 0.2869094484375 0.46423884531250004 0.28444881875 0.46686351718749997 0.2834645671875 0.47047244062500004 0.2837106296875 0.4806430453125 0.2883858265625 0.48392388437499995 0.2896161421875 0.48687664062499997 0.28395669218749997 0.5016404203125
2 0.17495078749999998 0.6332021 0.17839566874999999 0.6358267718749999 0.18257874062499999 0.6509186359375 0.192175196875 0.6594488187499999 0.19906496093749998 0.6692913390624999 0.21850393750000002 0.6856955375 0.23400590625 0.6925853015625 0.2539370078125 0.6932414703124999 0.2645177171875 0.6961942249999999 0.280019684375 0.694225721875 0.282972440625 0.6929133859375 0.2930610234375 0.6811023625 0.30561023593750003 0.6614173234375 0.3058562984375 0.6561679796875 0.3083169296875 0.6505905515625 0.311023621875 0.6391076109375 0.31200787343749997 0.6292650921875 0.3053641734375 0.59514435625 0.2957677171875 0.57414698125 0.2942913390625 0.5672572171875 0.29084645625 0.55905511875 0.2864173234375 0.5541338578125 0.28420275625 0.5488845140625 0.28395669218749997 0.5426509187499999 0.2790354328125 0.5364173234375 0.2760826765625 0.529527559375 0.2691929140625 0.5219816265625 0.25910433125 0.51345144375 0.251476378125 0.5091863515624999 0.2440944875 0.507874015625 0.24138779531250001 0.4917979 0.24212598437500002 0.48851706093749997 0.24138779531250001 0.4806430453125 0.24040354375 0.479330709375 0.23769685 0.4780183734375 0.235728346875 0.479330709375 0.2354822828125 0.4806430453125 0.2369586609375 0.48228346406249994 0.235728346875 0.48556430468749995 0.23277559062500003 0.48720472499999995 0.2349901578125 0.4911417328125 0.23400590625 0.4980314953125 0.229822834375 0.504921259375 0.22859252031250002 0.5016404203125 0.22736220468749999 0.5009842515625 0.217027559375 0.5 0.210629921875 0.5065616796875 0.20620078749999998 0.507874015625 0.20300196874999998 0.5108267718749999 0.1995570859375 0.519028871875 0.1958661421875 0.5226377953125 0.1931594484375 0.532480315625 0.1894685046875 0.5364173234375 0.186023621875 0.5524934390625 0.1774114171875 0.5672572171875 0.176427165625 0.579724409375 0.1729822828125 0.5853018375000001 0.1697834640625 0.58825459375 0.170521653125 0.598425196875 0.1695374015625 0.60925196875 0.1742125984375 0.625328084375 0.17495078749999998 0.6332021
2 0.36958661406250004 0.6528871390625001 0.373277559375 0.6528871390625001 0.379921259375 0.6561679796875 0.39050196875 0.673228346875 0.39394684999999996 0.6771653546875 0.3973917328125 0.6774934390625 0.4040354328125 0.6735564296875001 0.42322834687500005 0.6683070859375 0.4259350390625 0.6646981624999999 0.42519685 0.6640419953125 0.42519685 0.6443569546875 0.426427165625 0.6420603671875 0.4288877953125 0.641076115625 0.4288877953125 0.63845144375 0.432578740625 0.629921259375 0.43479330781250003 0.620078740625 0.4416830703125 0.6079396328125 0.4507874015625 0.5997375328125 0.4569389765625 0.5905511812500001 0.46702755937499996 0.58464566875 0.46899606250000003 0.5813648296875 0.46899606250000003 0.5780839890625 0.46333661406250004 0.5705380578125 0.45398622031249997 0.5649606296874999 0.44955708593750004 0.5570866140625 0.4458661421875 0.555774278125 0.43577755937499996 0.5479002625 0.42224409375 0.545603675 0.4104330703125 0.545603675 0.4055118109375 0.54724409375 0.3937007875 0.548228346875 0.388779528125 0.551181103125 0.379921259375 0.5646325453125 0.3666338578125 0.5918635171875 0.3629429140625 0.6079396328125 0.3587598421875 0.644028871875 0.36540354375 0.6466535437500001 0.36687992187499996 0.6505905515625 0.36958661406250004 0.6528871390625001
2 0.5708661421875 0.55314960625 0.6161417328125001 0.56594488125 0.620078740625 0.5600393703125001 0.62204724375 0.5479002625 0.6269685046875 0.5406824140625 0.637795275 0.5196850390625001 0.641978346875 0.505577428125 0.645177165625 0.5009842515625 0.651820865625 0.49475065625000003 0.6587106296874999 0.48228346406249994 0.669045275 0.4773622046875 0.6847933078125 0.46686351718749997 0.6929133859375 0.46358267656249996 0.6938976375 0.459973753125 0.6934055125 0.452427821875 0.68405511875 0.4324146984375 0.67839566875 0.42618110312499996 0.6751968500000001 0.4186351703125 0.6604330703125 0.4137139109375 0.6510826765625 0.4051837265625 0.644931103125 0.40485564375000005 0.6333661421875 0.40157480312500005 0.6129429140625 0.40321522343750005 0.6058070859375 0.40649606250000003 0.592027559375 0.41633858281249997 0.5878444875 0.42322834687500005 0.5807086609375001 0.430774278125 0.5755413390624999 0.443569553125 0.566929134375 0.45308398906249997 0.5649606296874999 0.46030183750000003 0.5593011812500001 0.46686351718749997 0.5553641734375 0.48195538125 0.554872046875 0.49146981562500003 0.5622539375 0.5465879265625 0.56594488125 0.550524934375 0.5708661421875 0.55314960625
2 0.58464566875 0.4025590546875 0.5910433078125 0.4104330703125 0.5989173234375 0.40912073437499996 0.6062992125 0.403871390625 0.632627953125 0.4005905515625 0.643454725 0.403871390625 0.65300196875 0.40452755937499996 0.660925196875 0.412073490625 0.67199803125 0.41272965937499995 0.6820866140625 0.40288713906250007 0.6865157484375 0.3953412078125 0.691929134375 0.3900918640625 0.7010334640625 0.36646981562500003 0.707431103125 0.3572834640625 0.7118602359375 0.347769028125 0.714320865625 0.3369422578125 0.7145669296875 0.3307086609375 0.7113681109375001 0.318569553125 0.7103838578125 0.295603675 0.7091535437500001 0.2933070859375 0.7062007875 0.29265091875000004 0.6961122046875 0.29724409375 0.6929133859375 0.29691601093750003 0.6879921265625 0.294619421875 0.682824803125 0.287073490625 0.6791338578125 0.2860892390625 0.6643700781249999 0.28576115468749996 0.6437007875 0.29265091875000004 0.6370570859375 0.29724409375 0.629429134375 0.306430446875 0.5947342515625 0.3398950125 0.5856299218750001 0.3556430453125 0.582431103125 0.3631889765625 0.5802165359375 0.369422571875 0.5802165359375 0.3766404203125 0.582677165625 0.395997375 0.58464566875 0.4025590546875
2 0.6946358265625 0.4356955375 0.6973425203125 0.43635170624999997 0.7000492125 0.4356955375 0.7022637796875 0.43175852968750006 0.7086614171875001 0.428477690625 0.7167814953125 0.4376640421875 0.7130905515625 0.443569553125 0.7101377953125 0.446194225 0.710875984375 0.44980315 0.7079232281250001 0.45308398906249997 0.7197342515625 0.4612860890625 0.7239173234375 0.4616141734375 0.7271161421875 0.4583333328125 0.7308070859375 0.446194225 0.731545275 0.4376640421875 0.733021653125 0.43339895000000006 0.7376968500000001 0.428477690625 0.74064960625 0.41765091875 0.75344488125 0.4058398953125 0.769931103125 0.39895013125 0.7731299218750001 0.3950131234375 0.7748523625 0.39074803125 0.791830709375 0.3763123359375 0.792568896875 0.369422571875 0.7866633859375 0.35367454062500003 0.7878937015624999 0.347769028125 0.7876476375 0.3438320203125 0.776820865625 0.3307086609375 0.7716535437500001 0.3270997375 0.7586122046875 0.324475065625 0.7445866140625 0.323818896875 0.7376968500000001 0.32480315000000004 0.7241633859375 0.3389107609375 0.7162893703125001 0.34514435625 0.7130905515625 0.3494094484375 0.707431103125 0.364829396875 0.70300196875 0.3730314953125 0.6975885828124999 0.390419946875 0.6906988187499999 0.3976377953125 0.688730315625 0.40780839843749994 0.6879921265625 0.42224409375 0.6897145671875 0.42486876562500003 0.688976378125 0.428805775 0.6946358265625 0.4356955375
2 0.3937007875 0.8175853015625 0.395669290625 0.8198818890625 0.39665354375 0.82414698125 0.3944389765625 0.82775590625 0.40083661406250004 0.8448162734375 0.4025590546875 0.8441601046875 0.40526574843749996 0.8461286093749999 0.404773621875 0.8487532812499999 0.41092519687499995 0.8523622046874999 0.414124015625 0.8500656171875001 0.41756889687500004 0.8494094484374999 0.42199803124999996 0.8530183734375001 0.4244586609375 0.8585958 0.4318405515625 0.8661417328125 0.438976378125 0.8674540687500001 0.44660433125 0.8664698156249999 0.45349409375 0.8674540687500001 0.463828740625 0.85925196875 0.4707185046875 0.8562992125 0.47883858281249997 0.8471128609375 0.49064960625 0.837598425 0.49606299218750005 0.834973753125 0.498769684375 0.830380578125 0.506151575 0.82414698125 0.5120570859375 0.8103674546875 0.5125492125 0.8015091859375 0.5147637796875 0.7936351703125 0.51574803125 0.7828083984374999 0.5147637796875 0.7778871390625001 0.5115649609374999 0.7723097109375 0.5039370078125 0.7673884515625 0.4977854328125 0.7608267718749999 0.47391732343750004 0.75 0.44217519687499995 0.7280183734375 0.4286417328125 0.73425196875 0.4195374015625 0.74475065625 0.4104330703125 0.7614829390625 0.40600393749999997 0.7778871390625001 0.40083661406250004 0.787401575 0.4005905515625 0.795275590625 0.3961614171875 0.8074146984375 0.3959153546875 0.8143044625 0.3937007875 0.8175853015625
2 0.139271653125 0.7864173234375 0.1542814953125 0.8038057750000001 0.157480315625 0.8054461937499999 0.16117125937500001 0.8054461937499999 0.16486220468749999 0.8093832015625001 0.1707677171875 0.8208661421875 0.179872046875 0.8261154859375001 0.18233267656250002 0.8287401578125 0.1870078734375 0.830380578125 0.19069881875 0.83464566875 0.19611220468749999 0.8448162734375 0.20275590625 0.8448162734375 0.20743110312500002 0.8487532812499999 0.22367125937500001 0.8503937015625 0.24138779531250001 0.8431758531250001 0.248523621875 0.8418635171875 0.25541338593749996 0.8353018375 0.2559055125 0.83005249375 0.25738188906250004 0.826771653125 0.26525590625 0.8248031499999999 0.2687007875 0.8208661421875 0.2677165359375 0.8172572171875 0.2728838578125 0.8038057750000001 0.26894684999999996 0.7860892390625 0.26574803125 0.75065616875 0.267470471875 0.73425196875 0.27042322812499997 0.720472440625 0.270669290625 0.71325459375 0.2691929140625 0.709973753125 0.2667322828125 0.70800525 0.2664862203125 0.7034120734375 0.26550196875 0.701771653125 0.25049212656250003 0.6952099734375 0.2332677171875 0.694225721875 0.2226870078125 0.6906167984375 0.2066929140625 0.6824146984375 0.1852854328125 0.6824146984375 0.1786417328125 0.688976378125 0.174704725 0.69685039375 0.170029528125 0.6998031499999999 0.1540354328125 0.72014435625 0.1540354328125 0.7219488187499999 0.148622046875 0.73425196875 0.148375984375 0.7378608921875001 0.145177165625 0.7477034125 0.1414862203125 0.754921259375 0.14099409375 0.760170603125 0.13730314999999998 0.765419946875 0.135826771875 0.7700131234375001 0.135580709375 0.7726377953125 0.1380413390625 0.778871390625 0.137795275 0.7828083984374999 0.139271653125 0.7864173234375
2 0.0337106296875 0.698818896875 0.036171259375 0.7020997375 0.036171259375 0.7063648296875 0.0381397640625 0.7073490812500001 0.0428149609375 0.715223096875 0.05019685 0.72014435625 0.0625 0.7217847765625 0.0711122046875 0.7283464562499999 0.076279528125 0.729330709375 0.0848917328125 0.73425196875 0.09621062968750001 0.7335958 0.1134350390625 0.7362204718750001 0.1195866140625 0.734580053125 0.12303149531249999 0.7306430453125 0.13016732343749998 0.7299868765624999 0.1397637796875 0.725721784375 0.145177165625 0.720800525 0.15083661406249999 0.718175853125 0.16166338593750001 0.7070209968750001 0.167568896875 0.699475065625 0.16855314999999998 0.6961942249999999 0.1724901578125 0.6902887140625 0.173720471875 0.681430446875 0.18011811093750002 0.662729659375 0.1806102359375 0.656824146875 0.17839566874999999 0.6437007875 0.17224409375 0.6371391078124999 0.1707677171875 0.6230314953125 0.167076771875 0.61384514375 0.167076771875 0.58464566875 0.16437007812499999 0.5813648296875 0.15280511875 0.5728346453125 0.1432086609375 0.5715223093749999 0.13361220468749999 0.5728346453125 0.1240157484375 0.5764435703124999 0.11122047187499999 0.5764435703124999 0.09891732343750001 0.58300525 0.0917814953125 0.5823490812500001 0.0873523625 0.587270340625 0.076525590625 0.5941601046875 0.06496062968750001 0.6066272968749999 0.0538877953125 0.6151574796875 0.048228346875 0.6240157484375 0.0369094484375 0.6338582671874999 0.0349409453125 0.6450131234375001 0.0270669296875 0.669619421875 0.026328740625000003 0.6856955375 0.02805118125 0.694225721875 0.029527559375 0.69685039375 0.0337106296875 0.698818896875
2 0.530019684375 0.83825459375 0.5319881890625 0.8402230968750001 0.5420767718749999 0.8661417328125 0.5521653546875 0.8697506562499999 0.5585629921875 0.877624671875 0.5634842515625 0.8799212593749999 0.573572834375 0.8802493437500001 0.5834153546875 0.875328084375 0.5969488187499999 0.8740157484375001 0.608021653125 0.8667979000000001 0.6368110234375 0.83464566875 0.64050196875 0.832020996875 0.6510826765625 0.813976378125 0.6535433078125 0.798228346875 0.6530511812500001 0.7896981624999999 0.6498523625 0.7759186359375 0.6496062984375001 0.7697942906249999 0.650098425 0.753280840625 0.651574803125 0.741469815625 0.6510826765625 0.736876640625 0.648375984375 0.7303149609374999 0.6437007875 0.723425196875 0.636318896875 0.7191601046875 0.6350885828124999 0.712926509375 0.632874015625 0.709973753125 0.6213090546875 0.704724409375 0.612204725 0.7037401578125 0.6085137796875 0.701771653125 0.6021161421875 0.701771653125 0.5974409453125 0.70964566875 0.5959645671875 0.7165354328125 0.5969488187499999 0.7198162734375 0.5947342515625 0.72604986875 0.589320865625 0.7316272968749999 0.5691437015624999 0.758530184375 0.5479822828125 0.7700131234375001 0.5307578734375 0.7723097109375 0.526328740625 0.7782152234375 0.5243602359375 0.7844488187499999 0.5255905515625 0.79199475 0.5241141734375 0.8070866140625 0.52829724375 0.830380578125 0.530019684375 0.83825459375
2 0.75344488125 0.720472440625 0.7586122046875 0.7244094484375 0.7625492125 0.725721784375 0.767224409375 0.7303149609374999 0.7714074796875 0.7408136484375001 0.7748523625 0.7440944875 0.7814960625 0.7568897640625 0.7832185046875 0.7621391078124999 0.7848179140625 0.7639435703124999 0.785925196875 0.7693569546875 0.792322834375 0.7732939625 0.8068405515625001 0.7769028875 0.8107775593750001 0.77985564375 0.8166830703124999 0.781824146875 0.8211122046874999 0.7814960625 0.826525590625 0.770997375 0.8385826765625 0.7575459312499999 0.8545767718749999 0.7283464562499999 0.8558070859375 0.7240813640625 0.8612204718750001 0.7185039375 0.8747539375000001 0.6925853015625 0.8742618109375 0.688976378125 0.870324803125 0.68405511875 0.870324803125 0.680774278125 0.8718011812500001 0.6788057750000001 0.8708169296875001 0.6643700781249999 0.8646653546874999 0.654199475 0.8634350390625001 0.6509186359375 0.8629429140625 0.6437007875 0.8555610234375 0.6397637796875 0.8516240156249999 0.630577428125 0.848425196875 0.629921259375 0.845226378125 0.6322178484375 0.8403051187499999 0.6312335953125 0.8319389765625 0.6263123359375 0.8262795281249999 0.6272965875 0.8184055125 0.6315616796875 0.8149606296874999 0.6315616796875 0.8102854328125 0.6309055125 0.8031496062500001 0.6263123359375 0.7896161421875 0.625328084375 0.7869094484375 0.6236876640625 0.7832185046875 0.625328084375 0.7792814953125 0.6332021 0.7787893703125001 0.640419946875 0.779527559375 0.644028871875 0.7682086609375001 0.6630577421875 0.76550196875 0.66174540625 0.7620570859375 0.6633858265625 0.7583661421875 0.6679790031249999 0.757627953125 0.6794619421875 0.7556594484375 0.68044619375 0.751230315625 0.6797900265625 0.748523621875 0.6827427828125 0.748769684375 0.6965223093749999 0.7509842515625 0.7057086609375001 0.7504921265625 0.709973753125 0.75344488125 0.720472440625
2 0.438976378125 0.2778871390625 0.4463582671875 0.281824146875 0.45743110312499996 0.284776903125 0.4645669296875 0.290026246875 0.4694881890625 0.30314960625 0.4758858265625 0.31463254531249996 0.476870078125 0.327427821875 0.48006889687500004 0.3343175859375 0.48080708593750004 0.34580052499999997 0.48474409375 0.351377953125 0.48794291406249996 0.35203412031250003 0.49089566875 0.3494094484375 0.4926181109375 0.34514435625 0.4936023625 0.336778215625 0.4963090546875 0.3333333328125 0.5 0.3310367453125 0.504429134375 0.325131234375 0.5073818890624999 0.3152887140625 0.507874015625 0.2860892390625 0.5068897640625 0.2828083984375 0.5066437015624999 0.2723097109375 0.498523621875 0.25065616875 0.4874507875 0.2375328078125 0.4694881890625 0.22572178437499998 0.46259842500000004 0.2247375328125 0.45275590625 0.22670603749999998 0.445127953125 0.23129921250000002 0.44045275625 0.23884514375000002 0.436023621875 0.241469815625 0.4271653546875 0.24376640468750002 0.4249507875 0.2460629921875 0.42101377968750003 0.2542650921875 0.41830708593750004 0.2618110234375 0.41855315 0.26574803125 0.4318405515625 0.27132545937499997 0.438976378125 0.2778871390625
2 0.7760826765625 0.19291338593750001 0.779527559375 0.19914698125000002 0.7849409453125 0.20275590625 0.7864173234375 0.21325459375000003 0.7876476375 0.2145669296875 0.7898622046875 0.22375328125 0.7933070859375 0.22769028906250002 0.7979822828125 0.2303149609375 0.799704725 0.2378608921875 0.7987204718750001 0.2411417328125 0.8016732281250001 0.2477034125 0.80339566875 0.24934383124999998 0.8198818890625 0.24704724374999998 0.8299704718750001 0.241469815625 0.839074803125 0.23195538125 0.849901575 0.21325459375000003 0.8535925203125 0.1925853015625 0.85334645625 0.1738845140625 0.8511318890625 0.16535433125000001 0.8523622046874999 0.16076115468750002 0.8503937015625 0.154527559375 0.8415354328125 0.13845144375000001 0.8208661421875 0.1233595796875 0.80954724375 0.1204068234375 0.792322834375 0.12598425156249998 0.77780511875 0.14041994687499998 0.7723917328125001 0.1502624671875 0.766978346875 0.1646981625 0.7664862203125 0.178805775 0.7674704718750001 0.18208661406249999 0.7704232281250001 0.1876640421875 0.7760826765625 0.19291338593750001
2 0.823818896875 0.8149606296874999 0.8287401578125 0.8389107609374999 0.8383366140625 0.8582677171875 0.8435039375000001 0.8625328078125 0.860728346875 0.89074803125 0.862204725 0.8950131234375001 0.8695866140625 0.9009186359375001 0.8715551187499999 0.9078083984375 0.8944389765625 0.923228346875 0.8968996062500001 0.9242125984375 0.9089566921875001 0.9235564296875 0.914370078125 0.9189632546875 0.9249507875 0.9130577421874999 0.9382381890625 0.909120734375 0.9434055125 0.909120734375 0.9493110234375 0.9045275593750001 0.95964566875 0.9009186359375001 0.9635826765625 0.8973097109375001 0.9675196843749999 0.8868110234375 0.973179134375 0.8802493437500001 0.9758858265624999 0.87204724375 0.97785433125 0.8690944875 0.9781003937499999 0.8658136484375 0.9761318890625 0.8556430453124999 0.9785925203125 0.8487532812499999 0.9781003937499999 0.8313648296875 0.980068896875 0.826771653125 0.9798228343750001 0.8185695531249999 0.98449803125 0.8106955375 0.97834645625 0.791830709375 0.9790846453125001 0.7828083984374999 0.9773622046874999 0.77985564375 0.9726870078125 0.7759186359375 0.9682578734374999 0.7667322828125 0.9485728343750001 0.755577428125 0.94660433125 0.7516404203125 0.9424212593749999 0.7477034125 0.9387303156250001 0.746719159375 0.9352854328125 0.7483595796875 0.9335629921875 0.747375328125 0.9301181109375 0.7417979 0.9288877953125001 0.7355643046875 0.9256889765625 0.7312992125 0.9200295281249999 0.7253937015624999 0.9121555125 0.7217847765625 0.9079724406249999 0.71784776875 0.9040354328125 0.718175853125 0.89714566875 0.7135826765625 0.8912401578125 0.7119422578125 0.8860728343750001 0.712926509375 0.876476378125 0.7119422578125 0.87204724375 0.7162073484375 0.8661417328125 0.718175853125 0.85974409375 0.7237532812499999 0.8531003937499999 0.734580053125 0.8494094484374999 0.7381889765625 0.8417814953124999 0.75295275625 0.8380905515625001 0.762795275 0.82849409375 0.770669290625 0.8250492125 0.779199475 0.8248031499999999 0.787401575 0.82160433125 0.7969160109375 0.8235728343750001 0.8051181109375 0.823818896875 0.8149606296874999
2 0.23105315 0.1637139109375 0.23425196874999998 0.16535433125000001 0.2431102359375 0.17749343906249998 0.2426181109375 0.18044619374999998 0.24089566874999999 0.18208661406249999 0.239173228125 0.20833333281250002 0.24089566874999999 0.22014435625 0.24483267656250002 0.22933070937500002 0.251230315625 0.23293963281250002 0.26230315000000004 0.2332677171875 0.2792814953125 0.23884514375000002 0.282972440625 0.2375328078125 0.2864173234375 0.2431102359375 0.28937007812500004 0.24507874062499999 0.2896161421875 0.24803149531250002 0.29675196875 0.2539370078125 0.30019684999999996 0.2513123359375 0.30167322812499997 0.24475065625 0.3036417328125 0.24507874062499999 0.3105314953125 0.2411417328125 0.320127953125 0.24212598437500002 0.3380905515625 0.241469815625 0.3555610234375 0.25295275625 0.36589566875 0.2559055125 0.36884842500000004 0.25459317656249997 0.3725393703125 0.24934383124999998 0.373523621875 0.24475065625 0.3730314953125 0.2408136484375 0.375 0.2306430453125 0.373523621875 0.20964566874999999 0.37130905468750003 0.19816272968749998 0.36811023593750003 0.1873359578125 0.3558070859375 0.1745406828125 0.3502295765625 0.173228346875 0.345472440625 0.170275590625 0.3415354328125 0.170275590625 0.3385826765625 0.167979003125 0.3351377953125 0.16765091875 0.3243110234375 0.16141732343749998 0.3208661421875 0.16076115468750002 0.3105314953125 0.151574803125 0.2977362203125 0.148622046875 0.2871555125 0.1479658796875 0.2755905515625 0.1499343828125 0.26550196875 0.15485564375 0.261072834375 0.16076115468750002 0.260580709375 0.16404199531250002 0.257874015625 0.1689632546875 0.2475393703125 0.162729659375 0.235728346875 0.1519028875 0.23425196874999998 0.1479658796875 0.2308070859375 0.143372703125 0.223425196875 0.144028871875 0.22317913437499998 0.14763779531250001 0.2261318890625 0.1561679796875 0.2305610234375 0.16141732343749998 0.23105315 0.1637139109375
2 0.201771653125 0.32414698125 0.20644685 0.32644357031250004 0.21678149531250002 0.325131234375 0.22810039375 0.3100393703125 0.2559055125 0.292979003125 0.2741141734375 0.292322834375 0.29035433125 0.2896981625 0.291830709375 0.2864173234375 0.29084645625 0.2814960625 0.2913385828125 0.2650918640625 0.2819881890625 0.24475065625 0.276574803125 0.24015747968749998 0.262795275 0.23523622031250002 0.251230315625 0.23490813593749998 0.2399114171875 0.23654855624999999 0.232529528125 0.24015747968749998 0.23105315 0.2427821515625 0.22810039375 0.24475065625 0.22391732343749998 0.2460629921875 0.22194881875 0.2509842515625 0.22219488125 0.255577428125 0.22071850468749998 0.260170603125 0.210629921875 0.2641076109375 0.20300196874999998 0.270669290625 0.1978346453125 0.27854330781250003 0.19488188906249998 0.2864173234375 0.1943897640625 0.29691601093750003 0.20078740156250002 0.3143044625 0.20078740156250002 0.32152230937500004 0.201771653125 0.32414698125
2 0.095472440625 0.4058398953125 0.11269685 0.4005905515625 0.1245078734375 0.394028871875 0.1272145671875 0.3871391078125 0.12598425156249998 0.377624671875 0.12844488125 0.36975065625000003 0.1254921265625 0.362204725 0.125 0.34284776875 0.126722440625 0.33005249375 0.13115157500000002 0.324475065625 0.13041338593750001 0.321194225 0.12180118124999999 0.3149606296875 0.11638779531250001 0.3126640421875 0.10236220468749999 0.31299212656250003 0.092027559375 0.31955380624999996 0.08464566875 0.327427821875 0.079724409375 0.3421916015625 0.0688976375 0.358923884375 0.063976378125 0.38024934374999997 0.06348425156250001 0.387795275 0.0644685046875 0.394028871875 0.08144685 0.40485564375000005 0.095472440625 0.4058398953125