2 0.4546875 0.4640625 0.6171875 0.59921875
2 0.49296875 0.890625 0.4859375 0.21875
2 0 0.2212106296875 0.00295275625 0.22219488125 0.0065616796875 0.226870078125 0.0059055125 0.23425196874999998 0.0036089234375 0.2369586609375 0.002624671875 0.2411417328125 0.003280840625 0.24803149531250002 0.00754593125 0.2556594484375 0.013779528125000001 0.27583661406250004 0.0259186359375 0.2792814953125 0.0334645671875 0.2802657484375 0.038385826562499996 0.286171259375 0.038385826562499996 0.311023621875 0.035104987500000004 0.31791338593749996 0.04035433125 0.32406496093750004 0.0396981625 0.32800196875 0.0436351703125 0.330954725 0.044947506250000005 0.33415354375 0.053477690625 0.34325787343749997 0.0574146984375 0.34375 0.0629921265625 0.3526082671875 0.0675853015625 0.3562992125 0.0688976375 0.35605315000000004 0.09022309687499999 0.3661417328125 0.0921916015625 0.36884842500000004 0.101377953125 0.3727854328125 0.108923884375 0.3791830703125 0.1364829390625 0.385580709375 0.13845144375000001 0.3853346453125 0.14206036718749998 0.38656496093750004 0.14534120781249998 0.39074803125 0.1509186359375 0.3929625984375 0.154199475 0.3917322828125 0.165026246875 0.3917322828125 0.1683070859375 0.39050196875 0.1692913390625 0.3838582671875 0.16765091875 0.3740157484375 0.1692913390625 0.370324803125 0.1689632546875 0.36269684999999996 0.1660104984375 0.3587598421875 0.1683070859375 0.3558070859375 0.175524934375 0.3523622046875 0.1856955375 0.345472440625 0.188320209375 0.34055118125 0.196194225 0.33144684999999996 0.20078740156250002 0.3176673234375 0.19816272968749998 0.310777559375 0.19816272968749998 0.3068405515625 0.20144357031250001 0.30314960625 0.21916010468749997 0.298228346875 0.22375328125 0.29527559062500003 0.22933070937500002 0.2898622046875 0.2299868765625 0.285679134375 0.23884514375000002 0.2760826765625 0.2395013125 0.27189960625 0.244422571875 0.2650098421875 0.2539370078125 0.2632874015625 0.25918635156250003 0.2600885828125 0.2621391078125 0.260580709375 0.2746062984375 0.25615157499999996 0.27690288750000003 0.254921259375 0.28412073437499996 0.24507874062499999 0.2959317578125 0.24089566874999999 0.30085301875 0.24064960625 0.30905511875 0.24212598437500002 0.3172572171875 0.2411417328125 0.32480315000000004 0.2379429140625 0.33300525 0.23006889687499998 0.34055118125 0.22588582656249998 0.345472440625 0.22514763750000003 0.3523622046875 0.22736220468749999 0.35925196875 0.2271161421875 0.370078740625 0.2214566921875 0.3769685046875 0.220226378125 0.382874015625 0.2212106296875 0.38845144375 0.223425196875 0.4051837265625 0.223425196875 0.41240157499999996 0.2261318890625 0.42158792656250005 0.22367125937500001 0.4265091859375 0.220226378125 0.428805775 0.217027559375 0.4301181109375 0.20964566874999999 0.43864829375000003 0.1894685046875 0.446194225 0.18233267656250002 0.44980315 0.182824803125 0.452427821875 0.17888779531250001 0.454396325 0.17199803125 0.45275590625 0.16781496093749998 0.4616141734375 0.14468503906250002 0.46719160156250006 0.1370570859375 0.47211286093749993 0.123769684375 0.4773622046875 0.12081692968749999 0.48425196875000004 0.1134350390625 0.484580053125 0.108021653125 0.4878608921875 0.098671259375 0.484580053125 0.092273621875 0.47539370156249994 0.0878444875 0.47047244062500004 0.073326771875 0.46686351718749997 0.070620078125 0.462926509375 0.0711122046875 0.4425853015625 0.0627460625 0.3891076109375 0.048228346875 0.385170603125 0.0445374015625 0.3763123359375 0.043799212500000004 0.3667979 0.04035433125 0.35744750625 0.039370078125 0.350721784375 0.0369094484375 0.347769028125 0.0305118109375 0.345472440625 0.02829724375 0.33464566875 0.029773621875 0.329396325 0.02829724375 0.324475065625 0.0196850390625 0.319225721875 0.02165354375 0.31463254531249996 0.0211614171875 0.311023621875 0.01894685 0.30708661406250004 0.020177165625 0.2719816265625 0.0214074796875 0.26968503906249996 0.0226377953125 0.26804461874999996 0.026328740625000003 0.2641076109375 0.0292814953125 0.26082677187500003 0.03420275625 0.2562335953125 0.03444881875 0.2516404203125 0.032726378125 0.2477034125 0.032480315625 0.244422571875 0.0307578734375 0.2411417328125 0.031003937500000002 0.23425196874999998 0.0366633859375 0.228674540625 0.0386318890625 0.2230971125 0.04650590625 0.21653543281249998 0.048474409375 0.207020996875 0.0445374015625 0.20308398906249997 0.0447834640625 0.197178478125 0.05019685 0.12303149531249999 0.075295275 0.1158136484375 0.0836614171875 0.111876640625 0.0848917328125 0.1030183734375 0.0848917328125 0.0889107609375 0.0917814953125 0.08759842500000001 0.0959645671875 0.084973753125 0.095226378125 0.074475065625 0.098671259375 0.07250656093749999 0.1011318890625 0.0629921265625 0.10605315 0.057742782812500004 0.1134350390625 0.053477690625 0.11368110312499999 0.035433070312499995 0.12303149531249999 0.029527559375 0.13312007812499999 0.0285433078125 0.137795275 0.024278215625 0.14050196875 0.0144356953125 0.157726378125 0.0095144359375 0.16141732343749998 0.010170603125 0.164124015625 0.007874015625 0.167568896875 0 0.21161417343750002 0 0.2212106296875
0 0.7355643046875 0.33464566875 0.73654855625 0.3385826765625 0.7378608921875001 0.3398129921875 0.7417979 0.339320865625 0.7460629921875 0.34030511875 0.7486876640625 0.3444881890625 0.75 0.355068896875 0.7516404203125 0.3570374015625 0.7621391078124999 0.3567913390625 0.7644356953125 0.357529528125 0.7723097109375 0.36269684999999996 0.7746062984375001 0.361220471875 0.779199475 0.3646653546875 0.7782152234375 0.3661417328125 0.811023621875 0.367125984375 0.8316929140625 0.364419290625 0.83464566875 0.36540354375 0.8454724406249999 0.3646653546875 0.851377953125 0.3666338578125 0.8635170609375 0.3661417328125 0.8868110234375 0.3604822828125 0.9005905515625001 0.354822834375 0.91174540625 0.345226378125 0.9146981625 0.3462106296875 0.9212598421875 0.3417814953125 0.9288057750000001 0.33144684999999996 0.9294619421875 0.3223425203125 0.9268372703125 0.311269684375 0.9271653546874999 0.3073326765625 0.9314304468750001 0.2977362203125 0.936023621875 0.2933070859375 0.9442257218749999 0.27312992187499996 0.949475065625 0.26525590625 0.9563648296875 0.2509842515625 0.9576771656249999 0.24483267656250002 0.97014435625 0.2322834640625 0.978674540625 0.2148129921875 0.9927821515625 0.20398622031250002 0.999671915625 0.2010334640625 0.999671915625 0.138779528125 0.980971128125 0.13016732343749998 0.9767060375 0.126476378125 0.96325459375 0.13238188906249998 0.9586614171875001 0.1316437015625 0.952427821875 0.12819881875 0.9045275593750001 0.13361220468749999 0.901574803125 0.132874015625 0.8900918640625 0.13435039375 0.8864829390625 0.13361220468749999 0.8730314953124999 0.13730314999999998 0.86154855625 0.139025590625 0.8546587921875 0.1380413390625 0.8487532812499999 0.135826771875 0.8418635171875 0.136072834375 0.8310367453125 0.14025590625 0.8234908140625 0.1461614171875 0.8175853015625 0.148375984375 0.813320209375 0.14812992187500001 0.8034776906250001 0.14468503906250002 0.8001968500000001 0.1461614171875 0.7962598421875 0.15132874062499999 0.7933070859375 0.1523129921875 0.7864173234375 0.151820865625 0.7831364828125 0.15329724375 0.777230971875 0.15944881875 0.7762467187500001 0.1651082671875 0.78215223125 0.173228346875 0.7834645671875 0.1791338578125 0.7906824140625 0.1855314953125 0.7913385828124999 0.20349409375 0.792322834375 0.20546259843749998 0.7913385828124999 0.2103838578125 0.7880577421875 0.2162893703125 0.78674540625 0.23203740156250002 0.7844488187499999 0.24138779531250001 0.779199475 0.2472933078125 0.7614829390625 0.27854330781250003 0.7598425203125 0.2792814953125 0.755577428125 0.28937007812500004 0.7516404203125 0.289124015625 0.75 0.291830709375 0.744422571875 0.29355315000000004 0.742125984375 0.3004429140625 0.741469815625 0.3073326765625 0.7427821515625 0.30954724375 0.7381889765625 0.32972440937499997 0.7355643046875 0.33464566875
2 0.7191601046875 0.8804133859375 0.7093175859375 0.8937007875 0.7145669296875 0.9005905515625001 0.7089895015625001 0.9079724406249999 0.709973753125 0.9101870078125 0.720472440625 0.9170767718749999 0.7224409453125 0.9200295281249999 0.7224409453125 0.9291338578125 0.7240813640625 0.9318405515625001 0.7221128609374999 0.9387303156250001 0.7237532812499999 0.9539862203125 0.7296587921875 0.9576771656249999 0.737204725 0.95964566875 0.744422571875 0.9692421265625001 0.745078740625 0.9741633859375 0.7385170609375 0.98449803125 0.74704724375 0.9899114171875001 0.7486876640625 0.9997539375000001 0.999671915625 0.9997539375000001 0.999671915625 0.6535433078125 0.9937664046875 0.654527559375 0.9645669296875001 0.6508366140625 0.9635826765625 0.6498523625 0.9616141734375001 0.6525590546875 0.9576771656249999 0.6525590546875 0.9563648296875 0.650098425 0.9557086609375001 0.654527559375 0.9501312343749999 0.6599409453125 0.9442257218749999 0.6599409453125 0.9373359578124999 0.657972440625 0.9353674546875 0.6552657484375 0.92224409375 0.6523129921875 0.91765091875 0.6537893703125001 0.914370078125 0.65329724375 0.9114173234375 0.6572342515625 0.8868110234375 0.662401575 0.8835301843750001 0.662401575 0.8766404203124999 0.6584645671875 0.8730314953124999 0.6587106296874999 0.8687664046875 0.6614173234375 0.8690944875 0.66535433125 0.8674540687500001 0.67150590625 0.8687664046875 0.6788877953125 0.8658136484375 0.6833169296875 0.8645013125000001 0.688976378125 0.8625328078125 0.6902066921875 0.8556430453124999 0.6899606296874999 0.847769028125 0.6852854328125 0.8444881890625 0.681348425 0.8385826765625 0.67839566875 0.83300525 0.6811023625 0.824475065625 0.681348425 0.8192257218749999 0.682578740625 0.813976378125 0.6894685046875 0.8090551187499999 0.688976378125 0.800524934375 0.6850393703125001 0.7969160109375 0.6865157484375 0.7942913390624999 0.689222440625 0.792322834375 0.6975885828124999 0.782480315625 0.705954725 0.7778871390625001 0.7148129921875 0.773622046875 0.7165354328125 0.7614829390625 0.71579724375 0.7542650921875 0.7167814953125 0.74934383125 0.720472440625 0.75065616875 0.7239173234375 0.7486876640625 0.7271161421875 0.744422571875 0.72810039375 0.73654855625 0.7369586609375001 0.7381889765625 0.745324803125 0.7352362203125 0.751476378125 0.7296587921875 0.7554133859375 0.7286745406249999 0.7581200781249999 0.7319553812499999 0.7623031499999999 0.7303149609374999 0.7650098421875 0.7247375328125 0.7689468500000001 0.7253937015624999 0.779773621875 0.7276902890625 0.782480315625 0.7221128609374999 0.7896161421875 0.7217847765625 0.7933070859375 0.717519684375 0.79675196875 0.7188320203125 0.8036417328125 0.7224409453125 0.8100393703125001 0.7194881890625 0.8203740156249999 0.7168635171875 0.8240649609374999 0.71784776875 0.82824803125 0.7155511812500001 0.83415354375 0.7185039375 0.8442421265625001 0.7165354328125 0.8523622046874999 0.717519684375 0.855068896875 0.7162073484375 0.856545275 0.71325459375 0.8558070859375 0.712926509375 0.8572834640625 0.7093175859375 0.85925196875 0.712926509375 0.8624507875 0.709973753125 0.8666338578125 0.718175853125 0.876476378125 0.7191601046875 0.8804133859375
2 0.697178478125 0.73474409375 0.6873359578125 0.742372046875 0.6784776906250001 0.7448326765625 0.6784776906250001 0.7490157484375 0.6765091859375 0.75 0.676181103125 0.751722440625 0.6791338578125 0.7536909453125 0.6883202093749999 0.7650098421875 0.6902887140625 0.773622046875 0.6932414703124999 0.7758366140625 0.693569553125 0.788877953125 0.6906167984375 0.7933070859375 0.7004593171875 0.79699803125 0.7063648296875 0.8026574796875 0.709973753125 0.79724409375 0.7093175859375 0.7930610234375 0.71325459375 0.7910925203125 0.71784776875 0.786171259375 0.71784776875 0.7819881890625 0.7162073484375 0.780019684375 0.7171916015625001 0.7758366140625 0.715223096875 0.77214566875 0.720800525 0.76574803125 0.72014435625 0.7618110234375 0.7217847765625 0.7551673234375 0.7237532812499999 0.7522145671875 0.7306430453125 0.7480314953125 0.7312992125 0.7458169296875 0.73425196875 0.7448326765625 0.7322834640625 0.742125984375 0.7329396328125 0.73425196875 0.739829396875 0.7261318890624999 0.745078740625 0.7239173234375 0.74934383125 0.7167814953125 0.754921259375 0.7133366140625 0.7687007875 0.7150590546875 0.7749343828125 0.7145669296875 0.7769028875 0.7133366140625 0.7778871390625001 0.7091535437500001 0.7811679796875 0.704478346875 0.7910104984374999 0.6961122046875 0.8467847765625001 0.6801181109375001 0.8520341203124999 0.6818405515625 0.8599081359375 0.682824803125 0.8608923890625 0.6823326765625 0.8602362203125 0.674704725 0.8582677171875 0.67224409375 0.859580053125 0.6700295281249999 0.8635170609375 0.6680610234375 0.8638451437500001 0.6619094484375 0.8661417328125 0.6616633859375 0.87062565625 0.657070128125 0.887795275 0.65625 0.8891076109375 0.6584645671875 0.894028871875 0.6614173234375 0.8950131234375001 0.6601870078125 0.8982939625 0.6594488187499999 0.9875328078125 0.6584645671875 0.999671915625 0.648375984375 0.999671915625 0.506151575 0.9980314953124999 0.506151575 0.9924540687500001 0.5100885828124999 0.9891732281250001 0.510580709375 0.976377953125 0.5051673234375 0.9721128609375 0.49975393749999997 0.96325459375 0.49384842500000004 0.957020996875 0.498769684375 0.9484908140625 0.4980314953125 0.9432414703124999 0.5002460625 0.9353674546875 0.5137795281249999 0.9304461937499999 0.514271653125 0.926181103125 0.5086122046875 0.915026246875 0.5004921265625 0.9081364828125 0.5002460625 0.895669290625 0.5120570859375 0.89074803125 0.514025590625 0.8838582671875 0.5073818890624999 0.8802493437500001 0.501722440625 0.8766404203124999 0.501230315625 0.8690944875 0.5054133859375 0.8602362203125 0.5145177171875 0.8572834640625 0.51525590625 0.8454724406249999 0.511072834375 0.8412073484375 0.511072834375 0.83825459375 0.5095964562499999 0.834973753125 0.5100885828124999 0.82775590625 0.5063976375 0.82414698125 0.506151575 0.811679790625 0.5150098421875 0.808070865625 0.51574803125 0.8047900265625 0.5145177171875 0.7998687656250001 0.51550196875 0.7965879265625 0.5150098421875 0.7910104984374999 0.5189468500000001 0.7864173234375 0.519931103125 0.7814960625 0.5270669296875 0.779527559375 0.532972440625 0.77985564375 0.5437992125 0.7775590546875 0.5526574796875 0.7775590546875 0.561269684375 0.7749343828125 0.5750492125 0.7716535437500001 0.5812007875 0.765419946875 0.5883366140625 0.76345144375 0.5962106296874999 0.7582021 0.6060531499999999 0.7568897640625 0.6124507875 0.7575459312499999 0.6230314953125 0.7565616796875 0.625 0.74475065625 0.6338582671874999 0.7427821515625 0.6375492125 0.736876640625 0.6437007875 0.7362204718750001 0.6494832671874999 0.73425196875 0.65280511875 0.7303149609374999 0.6542814953125 0.7286745406249999 0.6589566921875 0.7230971125 0.6643700781249999 0.720800525 0.6683070859375 0.7286745406249999 0.6786417328125001 0.7283464562499999 0.679625984375 0.7273622046875 0.6806102359375 0.722769028125 0.6811023625 0.7171916015625001 0.68405511875 0.712926509375 0.681348425 0.7083333328125 0.68405511875 0.707677165625 0.6855314953125 0.7034120734375 0.6867618109375 0.7007874015625 0.6894685046875 0.6998031499999999 0.6938976375 0.69455380625 0.698572834375 0.6955380578125 0.70300196875 0.693569553125 0.7069389765625 0.69094488125 0.707431103125 0.688976378125 0.7054625984375 0.6876640421875 0.707431103125 0.683070865625 0.7101377953125 0.6820866140625 0.7123523625 0.6847112859375 0.717273621875 0.6902887140625 0.7224409453125 0.6932414703124999 0.7305610234375 0.697178478125 0.73474409375
2 0.0521653546875 0.7869094484375 0.045275590625 0.79675196875 0.04724409375 0.798474409375 0.05314960625 0.8208661421875 0.0570866140625 0.8260334640625 0.061679790624999994 0.82824803125 0.0643044625 0.8329232281250001 0.07480315 0.8412893703125001 0.0780839890625 0.8494094484374999 0.0843175859375 0.8523622046874999 0.09055118125 0.8526082671875 0.095472440625 0.8511318890625 0.09875328125 0.8526082671875 0.1046587921875 0.8531003937499999 0.10859579999999999 0.8548228343750001 0.11089238906250001 0.8626968500000001 0.1131889765625 0.864419290625 0.12007874062499999 0.8649114171875001 0.1263123359375 0.8639271656249999 0.1338582671875 0.85974409375 0.138123359375 0.860728346875 0.14074803125 0.8649114171875001 0.1473097109375 0.866879921875 0.14895013125 0.873523621875 0.152230971875 0.8767224406249999 0.15485564375 0.8772145671875 0.16240157500000002 0.8762303156250001 0.17519685000000002 0.8806594484374999 0.1817585296875 0.8816437015625 0.18635170625 0.8809055125 0.19061679843749998 0.8848425203125 0.1876640421875 0.8991141734375001 0.188976378125 0.90625 0.194225721875 0.9079724406249999 0.196194225 0.9131397640625 0.2011154859375 0.91535433125 0.20308398906249997 0.9183070859375 0.20636482968749997 0.9183070859375 0.20964566874999999 0.9200295281249999 0.2214566921875 0.9200295281249999 0.22604986875000002 0.92199803125 0.228674540625 0.9249507875 0.22769028906250002 0.929379921875 0.2306430453125 0.9357775593750001 0.2306430453125 0.9394685046875001 0.23261154843749998 0.938976378125 0.23851706093749997 0.9424212593749999 0.23884514375000002 0.9495570859375 0.2411417328125 0.9505413390624999 0.24803149531250002 0.9490649609374999 0.2513123359375 0.9461122046874999 0.2582021 0.943651575 0.2644356953125 0.945127953125 0.2687007875 0.943651575 0.269028871875 0.9426673234375 0.2650918640625 0.9377460624999999 0.394028871875 0.8075787406250001 0.4009186359375 0.8036417328125 0.40157480312500005 0.79650590625 0.404199475 0.7930610234375 0.40977690312500004 0.7920767718749999 0.41174540625 0.788877953125 0.4189632546875 0.7864173234375 0.41830708593750004 0.7851870078125 0.4133858265625 0.785679134375 0.403871390625 0.788877953125 0.39632545937499997 0.7822342515625 0.395669290625 0.7753444875 0.394028871875 0.77214566875 0.38648293906250003 0.7694389765625 0.38353018437499997 0.767224409375 0.3809055125 0.7615649609374999 0.370078740625 0.754921259375 0.354330709375 0.754429134375 0.346128609375 0.7559055125 0.3395669296875 0.7598425203125 0.333497375 0.7582431109375001 0.3254593171875 0.751476378125 0.32152230937500004 0.7522145671875 0.3149606296875 0.751230315625 0.30544619375000004 0.7519685046875 0.3015091859375 0.7502460625 0.29691601093750003 0.7376968500000001 0.292979003125 0.7335137796875 0.2883858265625 0.7322834640625 0.27690288750000003 0.7258858265625 0.27624671875 0.7239173234375 0.268372703125 0.7167814953125 0.2595144359375 0.7130905515625 0.2513123359375 0.711122046875 0.24573490781250001 0.7071850390625001 0.239173228125 0.704724409375 0.2375328078125 0.702181840625 0.23654855624999999 0.6958661421875 0.233923884375 0.693651575 0.22965879218750002 0.6926673234375 0.2270341203125 0.6894685046875 0.22834645625 0.6820866140625 0.22604986875000002 0.6751968500000001 0.22080052499999997 0.6678149609374999 0.20505249375 0.6540354328125 0.196194225 0.6488681109375001 0.1925853015625 0.648375984375 0.188976378125 0.6461614171875001 0.1856955375 0.6461614171875001 0.1827427828125 0.6488681109375001 0.1663385828125 0.657972440625 0.15813648281249998 0.6648622046875 0.15485564375 0.6712598421875 0.1473097109375 0.674704725 0.14468503906250002 0.6808562984375001 0.14074803125 0.685777559375 0.1341863515625 0.689222440625 0.1364829390625 0.6929133859375 0.133530184375 0.698572834375 0.132874015625 0.70300196875 0.13024934375 0.7066929140625 0.12992125937500001 0.7103838578125 0.128280840625 0.7128444875 0.121719159375 0.7165354328125 0.1204068234375 0.72219488125 0.114173228125 0.72810039375 0.10826771718749999 0.7305610234375 0.10564304531249999 0.7332677171875 0.1072834640625 0.7376968500000001 0.1020341203125 0.7413877953125 0.09055118125 0.745324803125 0.08464566875 0.7495078734375 0.077427821875 0.7527066921875 0.0672572171875 0.754675196875 0.063320209375 0.757874015625 0.0646325453125 0.76574803125 0.051837270312499996 0.7723917328125001 0.044291339062500004 0.7792814953125 0.0521653546875 0.7869094484375
2 0 0.7369586609375001 0.0016404203125 0.7369586609375001 0.003280840625 0.739419290625 0.0118110234375 0.7448326765625 0.0141076109375 0.7448326765625 0.021325459375 0.74089566875 0.032808398437500004 0.7285925203125 0.0360892390625 0.72810039375 0.0406824140625 0.7256397640625 0.0433070859375 0.7271161421875 0.044947506250000005 0.7258858265625 0.048228346875 0.7256397640625 0.05019685 0.7273622046875 0.058070865625 0.729330709375 0.061351706250000006 0.7312992125 0.06660105 0.7322834640625 0.074475065625 0.7320374015625 0.0780839890625 0.7285925203125 0.0784120734375 0.723671259375 0.0816929140625 0.7160433078125 0.08792650937499999 0.7084153546875 0.0971128609375 0.7037401578125 0.10236220468749999 0.70349409375 0.10564304531249999 0.701771653125 0.11384514375000002 0.7005413390624999 0.11712598437499999 0.698818896875 0.11975065625 0.6931594484375 0.1345144359375 0.6823326765625 0.14009186406250002 0.6749507875 0.1414042 0.6680610234375 0.145997375 0.6631397640625 0.1578083984375 0.6582185046875 0.162729659375 0.6542814953125 0.16174540625 0.635580709375 0.1660104984375 0.626722440625 0.1646981625 0.623277559375 0.167322834375 0.6213090546875 0.1692913390625 0.6176181109375001 0.167979003125 0.6114665359375 0.1689632546875 0.608021653125 0.1715879265625 0.6058070859375 0.17290026249999998 0.5989173234375 0.1719160109375 0.59670275625 0.167322834375 0.59375 0.1692913390625 0.588828740625 0.167979003125 0.5814468500000001 0.16076115468750002 0.5711122046875 0.1584645671875 0.563976378125 0.1535433078125 0.557824803125 0.1509186359375 0.5494586609375001 0.14895013125 0.5492125984375 0.14763779531250001 0.54675196875 0.1443569546875 0.5447834640625 0.144028871875 0.5428149609374999 0.138779528125 0.5398622046875 0.1391076109375 0.5305118109375 0.1443569546875 0.5223917328125001 0.144028871875 0.518454725 0.14206036718749998 0.517224409375 0.14370078749999998 0.514271653125 0.14763779531250001 0.5125492125 0.1473097109375 0.504429134375 0.1499343828125 0.49458661406250004 0.14927821562500002 0.48769685 0.15518372656249999 0.473671259375 0.1561679796875 0.467273621875 0.1558398953125 0.45915354375 0.14763779531250001 0.42519685 0.1391076109375 0.4180610234375 0.14074803125 0.41535433125 0.14206036718749998 0.404773621875 0.12992125937500001 0.3978838578125 0.1266404203125 0.39714566875 0.12106299218750001 0.3978838578125 0.116469815625 0.39689960625 0.1135170609375 0.3944389765625 0.114829396875 0.39050196875 0.114829396875 0.3870570859375 0.1135170609375 0.385580709375 0.10761154843750001 0.38582677187500003 0.1020341203125 0.3848425203125 0.09875328125 0.37819881875 0.095800525 0.376476378125 0.09055118125 0.376722440625 0.0859580046875 0.3752460625 0.0816929140625 0.3683562984375 0.0643044625 0.37204724375 0.061023621875 0.37180118125 0.0465879265625 0.36269684999999996 0.04265091875 0.364419290625 0.0396981625 0.3683562984375 0.03444881875 0.3686023625 0.023622046875 0.3619586609375 0.023622046875 0.3555610234375 0.026574803125 0.3489173234375 0.0252624671875 0.34375 0.0278871390625 0.3385826765625 0.02624671875 0.332431103125 0.026574803125 0.3275098421875 0.0278871390625 0.3208661421875 0.032808398437500004 0.3144685046875 0.034120734375 0.30880905468750003 0.03444881875 0.29281496093750004 0.030839895312499997 0.2864173234375 0.0269028875 0.2822342515625 0.0193569546875 0.2805118109375 0.004921259375 0.2792814953125 0.0042650921875 0.2805118109375 0 0.28174212656250003 0 0.7369586609375001
2 0 0.9997539375000001 0.24015747968749998 0.9997539375000001 0.24376640468750002 0.9950787406250001 0.24343832031249998 0.9805610234375 0.2463910765625 0.9739173234375 0.2463910765625 0.9638287406250001 0.24475065625 0.9628444875 0.239829396875 0.9635826765625 0.22244094531249997 0.961122046875 0.221128609375 0.9564468500000001 0.22506561718749998 0.9461122046874999 0.2247375328125 0.9384842515624999 0.22375328125 0.93454724375 0.21817585312499999 0.92839566875 0.2194881890625 0.9254429140625 0.2188320203125 0.92175196875 0.20242782187500002 0.9227362203125 0.19488188906249998 0.9212598421875 0.1922572171875 0.9200295281249999 0.188976378125 0.9148622046874999 0.1827427828125 0.9111712593749999 0.1824146984375 0.9042814953124999 0.186679790625 0.8912401578125 0.1876640421875 0.8833661421875 0.18339895 0.8828740156249999 0.17519685000000002 0.8850885828124999 0.14370078749999998 0.8683562984375 0.137795275 0.866879921875 0.135826771875 0.8626968500000001 0.1338582671875 0.8619586609375001 0.11975065625 0.8686023625000001 0.1125328078125 0.8698326765625 0.1079396328125 0.8661417328125 0.10597112812500001 0.85900590625 0.1020341203125 0.856545275 0.097769028125 0.8562992125 0.0912073484375 0.857775590625 0.0816929140625 0.8575295281249999 0.07185039374999999 0.8641732281250001 0.06922572187500001 0.8629429140625 0.061023621875 0.8540846453125001 0.0567585296875 0.8523622046874999 0.0469160109375 0.8548228343750001 0.0396981625 0.8553149609374999 0.035761154687500005 0.85900590625 0.0331364828125 0.8639271656249999 0.02985564375 0.86540354375 0.0255905515625 0.8631889765625 0.02165354375 0.857775590625 0.01574803125 0.8553149609374999 0.0121391078125 0.8553149609374999 0.003280840625 0.8617125984375 0.0019685046875 0.8639271656249999 0 0.864419290625 0 0.9997539375000001
2 0.45209973750000004 0.21161417343750002 0.45669291406249996 0.21161417343750002 0.459973753125 0.2098917328125 0.46423884531250004 0.21013779531250001 0.46686351718749997 0.20890747968749998 0.47342519687499995 0.2133366140625 0.4806430453125 0.21530511875 0.48425196875000004 0.2148129921875 0.5521653546875 0.229822834375 0.5567585296875001 0.2317913390625 0.568569553125 0.22933070937500002 0.5748031499999999 0.22933070937500002 0.5784120734375 0.2303149609375 0.5853018375000001 0.23400590625 0.590223096875 0.2384350390625 0.5918635171875 0.2416338578125 0.595472440625 0.2426181109375 0.5990813640625 0.24803149531250002 0.6112204718750001 0.251230315625 0.616469815625 0.25541338593749996 0.6358267718749999 0.260580709375 0.645997375 0.2726377953125 0.6473097109375 0.276820865625 0.6509186359375 0.279527559375 0.6581364828125 0.28125 0.6660104984374999 0.2898622046875 0.672572178125 0.2937992125 0.6751968500000001 0.29699803125 0.6791338578125 0.298228346875 0.680774278125 0.30167322812499997 0.6879921265625 0.304872046875 0.693569553125 0.31200787343749997 0.6952099734375 0.3176673234375 0.698818896875 0.3191437015625 0.712926509375 0.31299212656250003 0.72014435625 0.31299212656250003 0.7247375328125 0.3065944875 0.7352362203125 0.3021653546875 0.7391732281250001 0.2930610234375 0.741469815625 0.29207677187500003 0.7440944875 0.28666338593749996 0.749671915625 0.28395669218749997 0.754921259375 0.2802657484375 0.7562335953125 0.27755905468750003 0.7621391078124999 0.2741141734375 0.7700131234375001 0.2620570859375 0.7719816265625 0.2479495578125 0.778871390625 0.24089566874999999 0.7805118109375 0.23523622031250002 0.778871390625 0.231545275 0.7831364828125 0.22391732343749998 0.7828083984374999 0.21653543281249998 0.7880577421875 0.2098917328125 0.7896981624999999 0.20324803125000002 0.787073490625 0.19968011875 0.7860892390625 0.188976378125 0.7805118109375 0.1754429140625 0.7703412078125 0.16486220468749999 0.769028871875 0.154527559375 0.762795275 0.14050196875 0.7575459312499999 0.1370570859375 0.75065616875 0.1348425203125 0.747375328125 0.1318897640625 0.741469815625 0.1247539375 0.7375328078125001 0.11712598437499999 0.7273622046875 0.1070374015625 0.7237532812499999 0.1053149609375 0.720472440625 0.106545275 0.7109580046875 0.10482283437499999 0.7089895015625001 0.10211614218750001 0.70800525 0.09719488125 0.7063648296875 0.095226378125 0.7034120734375 0.0942421265625 0.699475065625 0.08759842500000001 0.691272965625 0.086122046875 0.6712598421875 0.07160433125 0.6666666671875 0.06594488125 0.6594488187499999 0.063976378125 0.657480315625 0.061023621875 0.6561679796875 0.0551181109375 0.6509186359375 0.052657479687499995 0.6482939625 0.048228346875 0.6473097109375 0.042322834375 0.644028871875 0.04035433125 0.640419946875 0.039616142187499995 0.637795275 0.04035433125 0.6332021 0.038385826562499996 0.633530184375 0.032480315625 0.6259842515625 0.032234251562499996 0.617125984375 0.030019684375 0.608923884375 0.029527559375 0.6023622046875 0.0246062984375 0.595800525 0.029773621875 0.5892388453125 0.0270669296875 0.58825459375 0.021899606250000002 0.5866141734375 0.022391732812500002 0.587926509375 0.025098425 0.587270340625 0.029527559375 0.5885826765625 0.0317421265625 0.574475065625 0.040600393750000005 0.5603674546875 0.045521653125 0.5538057750000001 0.04675196875 0.5498687656250001 0.048720471875 0.5433070859375 0.054872046875000004 0.5390419953125 0.0570866140625 0.529199475 0.059793307812499995 0.528871390625 0.0679133859375 0.527230971875 0.0711122046875 0.520997375 0.0745570859375 0.5042650921875 0.0991633859375 0.50295275625 0.10359252031249999 0.4954068234375 0.1072834640625 0.48523622031249997 0.1198326765625 0.48523622031249997 0.1213090546875 0.4780183734375 0.126722440625 0.4773622046875 0.1309055125 0.47375328124999994 0.1313976375 0.4662073484375 0.14714566874999999 0.46587926562500004 0.157726378125 0.46358267656249996 0.1599409453125 0.459973753125 0.15920275625 0.45866141718750003 0.16141732343749998 0.45734908125 0.1771653546875 0.4479986875 0.1882381890625 0.44455380624999996 0.1894685046875 0.443569553125 0.19266732343749998 0.43996062968749994 0.195127953125 0.43864829375000003 0.1975885828125 0.438976378125 0.2148129921875 0.44192913437500003 0.212598425 0.446194225 0.21382874062499999 0.45209973750000004 0.21161417343750002
2 0.717519684375 0.10211614218750001 0.7288385828124999 0.10445374062499999 0.7303149609374999 0.1055610234375 0.7391732281250001 0.116879921875 0.7411417328125001 0.1222933078125 0.7486876640625 0.1306594484375 0.7516404203125 0.1333661421875 0.7604986874999999 0.136072834375 0.765419946875 0.1414862203125 0.7696850390625001 0.1441929140625 0.7723097109375 0.15083661406249999 0.773622046875 0.15132874062499999 0.779199475 0.15132874062499999 0.808070865625 0.14394685000000002 0.8149606296874999 0.1459153546875 0.8202099734375 0.145423228125 0.823818896875 0.14394685000000002 0.8310367453125 0.1385334640625 0.8412073484375 0.13459645625 0.8494094484374999 0.13459645625 0.8549868765624999 0.135826771875 0.8730314953124999 0.1348425203125 0.8805774281250001 0.1316437015625 0.8818897640625 0.126722440625 0.88845144375 0.1195866140625 0.8894356953125 0.09621062968750001 0.8812335953125 0.0688976375 0.8704068234375001 0.05954724375 0.8405511812500001 0.04699803125 0.8326771656249999 0.041092520312500005 0.823818896875 0.0371555125 0.80085301875 0.032972440625 0.781824146875 0.03420275625 0.7759186359375 0.0332185046875 0.7723097109375 0.0339566921875 0.7647637796875 0.038385826562499996 0.7588582671874999 0.0386318890625 0.7417979 0.0457677171875 0.7214566921875 0.05954724375 0.7168635171875 0.06668307031250001 0.70964566875 0.0743110234375 0.7066929140625 0.0804625984375 0.7063648296875 0.0851377953125 0.7139107609375 0.0939960625 0.712926509375 0.09891732343750001 0.717519684375 0.10211614218750001
2 0.811023621875 0 0.81135170625 0.0098425203125 0.8103674546875 0.01230315 0.8041338578125 0.014271653125 0.8024934390625 0.017470471874999997 0.8024934390625 0.0285433078125 0.8047900265625 0.031003937500000002 0.830380578125 0.0378937015625 0.840879265625 0.045029528125 0.8418635171875 0.04675196875 0.8651574796875 0.056348425 0.8733595796875001 0.0605314953125 0.8802493437500001 0.06569881875 0.8835301843750001 0.07086614218750001 0.8923884515625 0.09473425156250001 0.893372703125 0.10949803124999999 0.8976377953125001 0.1183562984375 0.9028871390625 0.1213090546875 0.9114173234375 0.123769684375 0.9133858265624999 0.12352362187499999 0.9353674546875 0.1186023625 0.941929134375 0.1181102359375 0.9498031499999999 0.11515747968750001 0.9566929140625 0.114419290625 0.96325459375 0.1124507875 0.9704724406249999 0.10875984218750001 0.9767060375 0.1011318890625 0.9803149609374999 0.098671259375 0.9862204718750001 0.09670275625 0.9940944875 0.0878444875 0.999671915625 0.0851377953125 0.999671915625 0 0.811023621875 0