2 0.28666338593749996 0.72014435625 0.29527559062500003 0.7303149609374999 0.2974901578125 0.7381889765625 0.3068405515625 0.7486876640625 0.31200787343749997 0.75065616875 0.31569881875 0.7536089234375 0.32824803125 0.7575459312499999 0.3415354328125 0.769028871875 0.3558070859375 0.7762467187500001 0.363681103125 0.7769028875 0.37450787343749997 0.774278215625 0.4020669296875 0.7614829390625 0.4286417328125 0.73425196875 0.43061023593750003 0.725721784375 0.436269684375 0.7171916015625001 0.43725393749999997 0.7103018375000001 0.43454724375 0.7007874015625 0.4338090546875 0.691929134375 0.43651574843749996 0.6748687656250001 0.44365157499999996 0.654199475 0.4431594484375 0.635170603125 0.44438976406249997 0.6207349078125 0.44192913437500003 0.584973753125 0.4367618109375 0.5708661421875 0.436023621875 0.563976378125 0.43085629843750006 0.5538057750000001 0.42839566875 0.5439632546875 0.42519685 0.54199475 0.42052165312499995 0.542322834375 0.4192913390625 0.5393700781249999 0.420029528125 0.5334645671875 0.4229822828125 0.5255905515625 0.43208661406250004 0.508530184375 0.43651574843749996 0.495078740625 0.4375 0.48392388437499995 0.4367618109375 0.4740813640625 0.4355314953125 0.4724409453125 0.4286417328125 0.46719160156250006 0.4249507875 0.467519684375 0.42150590625 0.4698162734375 0.41560039375 0.48425196875000004 0.4146161421875 0.4980314953125 0.4126476375 0.50065616875 0.40944881874999994 0.5091863515624999 0.407480315625 0.515419946875 0.40797244062500004 0.519028871875 0.4067421265625 0.5229658796875001 0.40329724375 0.529199475 0.4005905515625 0.531824146875 0.3976377953125 0.5311679796875 0.395177165625 0.5252624671875 0.39050196875 0.5213254593750001 0.3870570859375 0.5200131234375001 0.3838582671875 0.515419946875 0.379675196875 0.515419946875 0.3730314953125 0.5180446187500001 0.3661417328125 0.5150918640625 0.36417322812499997 0.5180446187500001 0.35531496093750004 0.5223097109375 0.351624015625 0.528871390625 0.3385826765625 0.5364173234375 0.32800196875 0.5469160109375 0.3257874015625 0.550524934375 0.3243110234375 0.556430446875 0.3250492125 0.5600393703125001 0.320374015625 0.5633202093749999 0.31865157499999996 0.56594488125 0.31299212656250003 0.5820209968750001 0.3105314953125 0.5935039375 0.304872046875 0.6049868765624999 0.30019684999999996 0.6266404203125 0.2974901578125 0.633530184375 0.2960137796875 0.6433727031250001 0.2933070859375 0.6469816265625 0.28813976406249997 0.6604330703125 0.28395669218749997 0.681430446875 0.28395669218749997 0.707677165625 0.28494094531249997 0.709973753125 0.28494094531249997 0.7142388453125 0.28666338593749996 0.72014435625
2 0.42347440937499997 0.8503937015625 0.41978346406249994 0.8674540687500001 0.4195374015625 0.8772965875000001 0.42052165312499995 0.8923884515625 0.4244586609375 0.9114173234375 0.4249507875 0.93635170625 0.4311023625 0.949475065625 0.43577755937499996 0.9520997375 0.4379921265625 0.962270340625 0.438976378125 0.9737532812499999 0.44192913437500003 0.97604986875 0.44414370156249994 0.9858923890625 0.451279528125 0.9904855640625 0.45398622031249997 0.9947506562499999 0.45521653593750006 0.999671915625 0.6350885828124999 0.999671915625 0.6395177171875 0.99704724375 0.6441929140625 0.996719159375 0.651574803125 0.9885170609375 0.6537893703125001 0.9796587921875 0.6572342515625 0.9737532812499999 0.6582185046875 0.9704724406249999 0.6584645671875 0.9616141734375001 0.6626476375 0.9504593171875 0.663877953125 0.9442257218749999 0.67175196875 0.9353674546875 0.6786417328125001 0.9248687656250001 0.6823326765625 0.9064960624999999 0.681348425 0.8763123359374999 0.6801181109375001 0.8694225718749999 0.6754429140625 0.8602362203125 0.6737204718750001 0.854330709375 0.67224409375 0.8421916015625 0.6697834640625 0.8402230968750001 0.6567421265625 0.813320209375 0.6503444875 0.808070865625 0.6473917328125001 0.8070866140625 0.643454725 0.8028215218750001 0.629675196875 0.79724409375 0.6277066921875 0.7929790031249999 0.6252460625 0.7913385828124999 0.6134350390625001 0.7729658796875001 0.6124507875 0.7647637796875 0.6072834640625 0.7637795281249999 0.595472440625 0.7513123359375 0.5885826765625 0.746719159375 0.580954725 0.7477034125 0.5661909453125 0.741469815625 0.564222440625 0.7378608921875001 0.5568405515625 0.7395013125000001 0.54699803125 0.733923884375 0.5302657484375 0.7296587921875 0.5187007875 0.730971128125 0.5088582671874999 0.7355643046875 0.5004921265625 0.7355643046875 0.4980314953125 0.7335958 0.4958169296875 0.739829396875 0.49409448749999996 0.7417979 0.48080708593750004 0.7434383203125 0.476624015625 0.7463910765625 0.473671259375 0.7457349078125 0.46702755937499996 0.747375328125 0.45669291406249996 0.7454068234375 0.4431594484375 0.73654855625 0.4355314953125 0.7362204718750001 0.43208661406250004 0.7375328078125001 0.43061023593750003 0.7411417328125001 0.429872046875 0.7687007875 0.4286417328125 0.7703412078125 0.42839566875 0.7775590546875 0.42519685 0.7844488187499999 0.4244586609375 0.7896981624999999 0.42519685 0.7929790031249999 0.4229822828125 0.8143044625 0.4249507875 0.835629921875 0.42347440937499997 0.8503937015625
2 0.6252460625 0.4776902890625 0.6252460625 0.484580053125 0.6240157484375 0.4875328078125 0.6252460625 0.5009842515625 0.625 0.5541338578125 0.629921259375 0.5606955375 0.632874015625 0.5711942249999999 0.6380413390624999 0.576771653125 0.6439468500000001 0.5859580046875 0.6646161421875 0.6017060375 0.6751968500000001 0.6020341203124999 0.685777559375 0.6000656171875 0.689222440625 0.597769028125 0.70275590625 0.596128609375 0.717273621875 0.598425196875 0.7207185046875 0.5971128609374999 0.7224409453125 0.5935039375 0.73474409375 0.57775590625 0.7367125984375 0.5715223093749999 0.7399114171875001 0.5498687656250001 0.739419290625 0.529527559375 0.738681103125 0.5177165359375 0.7374507875 0.512795275 0.737204725 0.5013123359375 0.732775590625 0.49146981562500003 0.7295767718749999 0.4803149609375 0.7251476375 0.47145669218749997 0.720226378125 0.46391076093750006 0.7160433078125 0.459973753125 0.7133366140625 0.45472440937499997 0.7091535437500001 0.452427821875 0.7007874015625 0.4448818890625 0.6938976375 0.44291338593749996 0.686023621875 0.4379921265625 0.6663385828124999 0.43471128593749997 0.6619094484375 0.43503937031250006 0.6572342515625 0.4376640421875 0.650098425 0.4458661421875 0.6493602359375 0.45013123437499997 0.6464074796875 0.45209973750000004 0.6444389765625 0.446194225 0.641978346875 0.443569553125 0.64099409375 0.438976378125 0.6375492125 0.431430446875 0.632627953125 0.4297900265625 0.62844488125 0.43208661406250004 0.629429134375 0.43536745468750004 0.6291830703125 0.438976378125 0.6318897640625 0.44192913437500003 0.6336122046875 0.446194225 0.6365649609374999 0.4481627296875 0.6365649609374999 0.45800525 0.6338582671874999 0.4616141734375 0.62844488125 0.4593175859375 0.6230314953125 0.459973753125 0.6218011812500001 0.4665354328125 0.6227854328125 0.4698162734375 0.6222933078125 0.47375328124999994 0.6252460625 0.4776902890625
2 0.6941437015624999 0.85925196875 0.6983267718749999 0.9009186359375001 0.69660433125 0.91174540625 0.7005413390624999 0.9242125984375 0.7025098421875 0.9396325453125 0.7091535437500001 0.948818896875 0.7121062984375001 0.9560367453125 0.7165354328125 0.95964566875 0.71875 0.96325459375 0.7285925203125 0.97014435625 0.7310531499999999 0.978674540625 0.7401574796875 0.9835958 0.7445866140625 0.9878608921875 0.7519685046875 0.9878608921875 0.754675196875 0.9944225718749999 0.757874015625 0.9980314953124999 0.757874015625 0.999671915625 0.8619586609375001 0.999671915625 0.8624507875 0.9977034124999999 0.866879921875 0.9950787406250001 0.8870570859375 0.9468503937499999 0.8912401578125 0.9327427828125 0.894931103125 0.893372703125 0.89074803125 0.859580053125 0.8880413390624999 0.8523622046874999 0.88410433125 0.8458005249999999 0.8821358265624999 0.8385826765625 0.876476378125 0.8313648296875 0.8718011812500001 0.8284120734375 0.8619586609375001 0.8162729656250001 0.85334645625 0.81135170625 0.8489173234375 0.8031496062500001 0.8415354328125 0.7939632546875 0.8363681109375 0.7831364828125 0.8272637796875 0.7729658796875001 0.82160433125 0.7641076109375 0.79675196875 0.7516404203125 0.782726378125 0.75 0.7792814953125 0.752624671875 0.7714074796875 0.75524934375 0.7229330703125 0.7644356953125 0.7167814953125 0.7644356953125 0.713828740625 0.7700131234375001 0.7084153546875 0.7723097109375 0.7039862203125 0.7782152234375 0.6998031499999999 0.79199475 0.6943897640625 0.8001968500000001 0.692175196875 0.81135170625 0.689222440625 0.813976378125 0.6875 0.8202099734375 0.6872539375 0.8290682421875 0.6894685046875 0.8487532812499999 0.691929134375 0.8523622046874999 0.6941437015624999 0.85925196875
2 0.401328740625 0.212270340625 0.41535433125 0.2194881890625 0.42741141718750003 0.23654855624999999 0.43134842500000004 0.2463910765625 0.4355314953125 0.2509842515625 0.43922244062500004 0.2539370078125 0.44266732343750004 0.2542650921875 0.44955708593750004 0.25 0.45866141718750003 0.24212598437500002 0.46555118125000006 0.228674540625 0.4744094484375 0.21751968437500002 0.4776082671875 0.197178478125 0.47810039375 0.18208661406249999 0.4771161421875 0.1610892390625 0.4751476375 0.1564960625 0.473671259375 0.148622046875 0.46604330781250003 0.14074803125 0.4650590546875 0.1374671921875 0.46530511875 0.133530184375 0.47047244062500004 0.121719159375 0.4724409453125 0.11942257187500001 0.47317913437500003 0.11515747968750001 0.4758858265625 0.11286089218749999 0.4771161421875 0.1131889765625 0.47883858281249997 0.108923884375 0.48449803124999996 0.10072178437499998 0.48646653593750006 0.0921916015625 0.48597440937499997 0.09022309687499999 0.48425196875000004 0.08923884531250001 0.479576771875 0.093175853125 0.47563976406249997 0.098425196875 0.4709645671875 0.10761154843750001 0.46555118125000006 0.11286089218749999 0.4645669296875 0.11679790000000001 0.45374015781250004 0.132874015625 0.4458661421875 0.1233595796875 0.43503937031250006 0.121719159375 0.41830708593750004 0.1322178484375 0.41067913437500003 0.1397637796875 0.4042814953125 0.1482939625 0.3976377953125 0.1637139109375 0.3937007875 0.174868765625 0.391978346875 0.188320209375 0.39222440937499997 0.2060367453125 0.39394684999999996 0.21161417343750002 0.3964074796875 0.21325459375000003 0.401328740625 0.212270340625
2 0.7192421265625 0.33300525 0.72170275625 0.3435039375 0.7246555125 0.3736876640625 0.7271161421875 0.3815616796875 0.7308070859375 0.3868110234375 0.7367125984375 0.38812335937500003 0.745570865625 0.38648293906250003 0.7645177171875 0.38746719218750003 0.7758366140625 0.3832021 0.7817421265625 0.3763123359375 0.7908464562499999 0.35334645625 0.7901082671874999 0.3418635171875 0.7913385828124999 0.33398950156249996 0.789124015625 0.3261154859375 0.7896161421875 0.321194225 0.78469488125 0.3097112859375 0.7748523625 0.29494750625 0.768454725 0.29035433125 0.7598425203125 0.2805118109375 0.748277559375 0.2752624671875 0.7443405515625 0.2752624671875 0.7426181109375001 0.27296587968749997 0.7418799218750001 0.2693569546875 0.7418799218750001 0.2440944875 0.7376968500000001 0.23458005312500002 0.73425196875 0.236220471875 0.731545275 0.246719159375 0.7268700781249999 0.2477034125 0.72785433125 0.25 0.723671259375 0.26968503906249996 0.717027559375 0.2755905515625 0.708169290625 0.2864173234375 0.7025098421875 0.301181103125 0.701771653125 0.30708661406250004 0.7037401578125 0.3175853015625 0.7185039375 0.3310367453125 0.7192421265625 0.33300525
2 0.5541338578125 0.38353018437499997 0.556348425 0.40157480312500005 0.5585629921875 0.4087926515625 0.5728346453125 0.43208661406250004 0.589074803125 0.4425853015625 0.6023622046875 0.44685039375 0.610728346875 0.4455380578125 0.6163877953125 0.44160104999999994 0.620324803125 0.4406167984375 0.626722440625 0.43536745468750004 0.6289370078125 0.428805775 0.635580709375 0.4265091859375 0.6441929140625 0.4166666671875 0.6493602359375 0.40780839843749994 0.651820865625 0.39829396250000004 0.65280511875 0.38615485625 0.651820865625 0.36253280781249997 0.6496062984375001 0.3448162734375 0.644931103125 0.33398950156249996 0.6400098421875 0.32775590625 0.620324803125 0.292979003125 0.61564960625 0.292979003125 0.6124507875 0.294619421875 0.6055610234375 0.28937007812500004 0.5957185046875 0.29527559062500003 0.5910433078125 0.2959317578125 0.587598425 0.2995406828125 0.5839074796875 0.30019684999999996 0.5829232281250001 0.3047900265625 0.5804625984375 0.3077427828125 0.5708661421875 0.3143044625 0.5691437015624999 0.3182414703125 0.5634842515625 0.32316272968750004 0.560777559375 0.32808398906249997 0.557824803125 0.33759842500000004 0.5529035437500001 0.34580052499999997 0.5499507875 0.34875328125 0.549704725 0.3549868765625 0.551181103125 0.3687664046875 0.5504429140625 0.3766404203125 0.5541338578125 0.38353018437499997
2 0.48991141718750003 0.484580053125 0.4958169296875 0.5016404203125 0.5004921265625 0.508530184375 0.50344488125 0.51574803125 0.5056594484375 0.5252624671875 0.5056594484375 0.5364173234375 0.507627953125 0.5561023625 0.504675196875 0.5606955375 0.510580709375 0.56594488125 0.5147637796875 0.579724409375 0.5182086609375001 0.5836614171875001 0.526820865625 0.5885826765625 0.532972440625 0.5941601046875 0.5457677171875 0.6000656171875 0.5556102359375 0.5994094484375 0.5627460625 0.5971128609374999 0.568651575 0.5944881890625 0.5711122046875 0.590879265625 0.5728346453125 0.590879265625 0.5819389765625 0.6000656171875 0.5821850390625001 0.6033464562499999 0.5848917328125001 0.609580053125 0.5880905515625 0.6108923890625 0.5917814953125 0.6102362203125 0.5932578734375 0.6023622046875 0.5927657484375 0.5987532812499999 0.589074803125 0.59514435625 0.589320865625 0.5918635171875 0.5873523625 0.5862860890625 0.58439960625 0.5820209968750001 0.5839074796875 0.577427821875 0.5853838578125 0.5764435703124999 0.5885826765625 0.5780839890625 0.5927657484375 0.5731627296874999 0.598671259375 0.5705380578125 0.6161417328125001 0.552821521875 0.6227854328125 0.5364173234375 0.623769684375 0.5305118109375 0.623523621875 0.499671915625 0.6166338578125 0.47342519687499995 0.60974409375 0.459973753125 0.6021161421875 0.45177165312499995 0.5957185046875 0.44685039375 0.5871062984375001 0.4438976375 0.567421259375 0.43339895000000006 0.563730315625 0.4327427828125 0.5593011812500001 0.4294619421875 0.5524114171875001 0.4209317578125 0.5398622046875 0.41076115468749996 0.5337106296874999 0.40912073437499996 0.5115649609374999 0.40912073437499996 0.5054133859375 0.41141732343750004 0.48769685 0.4311023625 0.479330709375 0.45341207343749995 0.4803149609375 0.47211286093749993 0.48425196875000004 0.475721784375 0.48646653593750006 0.4806430453125 0.48991141718750003 0.484580053125
2 0.5996555125 0.14206036718749998 0.6006397640625 0.14534120781249998 0.5962106296874999 0.14763779531250001 0.5944881890625 0.1502624671875 0.5917814953125 0.1509186359375 0.59030511875 0.154199475 0.59030511875 0.15813648281249998 0.5871062984375001 0.1610892390625 0.587598425 0.1683070859375 0.5905511812500001 0.1709317578125 0.592519684375 0.17847769062500002 0.595472440625 0.1824146984375 0.6023622046875 0.1853674546875 0.604822834375 0.1922572171875 0.605068896875 0.19652230937499998 0.607775590625 0.201771653125 0.6230314953125 0.2198162734375 0.6247539375 0.2142388453125 0.632874015625 0.2109580046875 0.6414862203125 0.2020997375 0.6520669296875 0.198818896875 0.654527559375 0.19652230937499998 0.65625 0.1925853015625 0.6646161421875 0.196194225 0.6636318890624999 0.20308398906249997 0.66560039375 0.207677165625 0.67175196875 0.21555118125 0.6754429140625 0.2145669296875 0.679872046875 0.2011154859375 0.685777559375 0.1955380578125 0.688976378125 0.186023621875 0.6934055125 0.17847769062500002 0.6956200781249999 0.1719160109375 0.69660433125 0.14927821562500002 0.6956200781249999 0.14041994687499998 0.6916830703125 0.1263123359375 0.6879921265625 0.1190944875 0.6786417328125001 0.10859579999999999 0.67224409375 0.09875328125 0.669045275 0.0994094484375 0.6572342515625 0.0912073484375 0.6370570859375 0.0859580046875 0.623523621875 0.08759842500000001 0.6149114171875001 0.0941601046875 0.6023622046875 0.09875328125 0.595472440625 0.10597112812500001 0.5917814953125 0.1161417328125 0.5866141734375 0.11975065625 0.5851377953125 0.1233595796875 0.5873523625 0.1269685046875 0.589320865625 0.133530184375 0.5996555125 0.14206036718749998
2 0.5009842515625 0.7329396328125 0.5059055125 0.7332677171875 0.5228838578125 0.7270341203124999 0.5812007875 0.744422571875 0.5871062984375001 0.7437664046875 0.5944881890625 0.74934383125 0.5989173234375 0.7562335953125 0.604822834375 0.7598425203125 0.6058070859375 0.7618110234375 0.6104822828125 0.7614829390625 0.6149114171875001 0.7565616796875 0.620324803125 0.7381889765625 0.6198326765625 0.7267060375 0.62155511875 0.7148950125 0.6213090546875 0.70964566875 0.6193405515625 0.7040682421875 0.618848425 0.6893044625 0.6149114171875001 0.67814960625 0.6117125984375 0.653871390625 0.6082677171875 0.6423884515625 0.6045767718749999 0.63615485625 0.601624015625 0.6266404203125 0.5979330703125 0.6190944875 0.59079724375 0.6135170609375 0.582431103125 0.609580053125 0.573572834375 0.6026902890625 0.5728346453125 0.600721784375 0.5681594484375 0.5987532812499999 0.5529035437500001 0.604330709375 0.5437992125 0.6105643046875 0.535925196875 0.6190944875 0.5270669296875 0.6325459312499999 0.5223917328125001 0.6374671921874999 0.5194389765625 0.6437007875 0.511318896875 0.65485564375 0.5066437015624999 0.6633858265625 0.5059055125 0.6715879265625 0.5031988187499999 0.677821521875 0.5 0.681430446875 0.498523621875 0.6856955375 0.49901574843749996 0.693569553125 0.495078740625 0.7060367453125 0.49458661406250004 0.7280183734375 0.49557086562499997 0.7322834640625 0.4977854328125 0.7352362203125 0.5009842515625 0.7329396328125
2 0.6385334640625 0.70275590625 0.6400098421875 0.70964566875 0.6412401578125 0.726377953125 0.64074803125 0.7424540687500001 0.641978346875 0.7480314953125 0.6510826765625 0.7595144359375 0.6601870078125 0.76574803125 0.6678149609374999 0.7670603671875 0.67839566875 0.7716535437500001 0.6902066921875 0.770669290625 0.6961122046875 0.7732939625 0.6995570859375 0.7775590546875 0.701771653125 0.774278215625 0.7086614171875001 0.769028871875 0.7101377953125 0.769028871875 0.7182578734375 0.7614829390625 0.723179134375 0.76115485625 0.72785433125 0.762795275 0.7384350390625001 0.7591863515624999 0.7445866140625 0.7608267718749999 0.7463090546875 0.7582021 0.7598425203125 0.7516404203125 0.7682086609375001 0.7522965875 0.779773621875 0.7480314953125 0.782480315625 0.744422571875 0.7832185046875 0.7411417328125001 0.78125 0.7198162734375 0.78420275625 0.7148950125 0.7864173234375 0.71325459375 0.7935531499999999 0.6784776906250001 0.7937992125 0.670603675 0.7920767718749999 0.651574803125 0.7773129921875 0.62565616875 0.7559055125 0.61975065625 0.7440944875 0.6204068234375 0.7379429140625 0.6181102359375 0.724901575 0.6099081359375 0.720226378125 0.6017060375 0.7130905515625 0.601377953125 0.7054625984375 0.598425196875 0.6751968500000001 0.604330709375 0.6636318890624999 0.6079396328125 0.6542814953125 0.628280840625 0.6530511812500001 0.6348425203125 0.6523129921875 0.6505905515625 0.6454232281250001 0.6601049875 0.6397637796875 0.6646981624999999 0.6321358265625 0.6817585296875001 0.6304133859375 0.68864829375 0.6309055125 0.6961942249999999 0.632874015625 0.699475065625 0.6385334640625 0.70275590625
2 0.8127460624999999 0.459973753125 0.813976378125 0.46358267656249996 0.8181594484374999 0.4616141734375 0.8211122046874999 0.46391076093750006 0.8211122046874999 0.452427821875 0.8248031499999999 0.4481627296875 0.8292322828125 0.4475065609375 0.8449803156250001 0.45209973750000004 0.8545767718749999 0.45702099687500003 0.8572834640625 0.460629921875 0.8585137796875 0.46883202031250004 0.860728346875 0.471128609375 0.876476378125 0.47309711249999997 0.8868110234375 0.47670603749999996 0.9008366140625 0.48523622031249997 0.9028051187499999 0.484580053125 0.907726378125 0.4796587921875 0.90920275625 0.476377953125 0.9111712593749999 0.46587926562500004 0.9192913390624999 0.4458661421875 0.9229822828125 0.42519685 0.9212598421875 0.41108923906249994 0.9146161421875 0.394028871875 0.914370078125 0.390419946875 0.907726378125 0.3854986875 0.90920275625 0.3809055125 0.9126476374999999 0.375328084375 0.9266732281250001 0.3599081359375 0.9325787406250001 0.3418635171875 0.9286417328125 0.33825459375 0.914370078125 0.346128609375 0.9104330703124999 0.3523622046875 0.9035433078124999 0.3707349078125 0.8976377953125001 0.3766404203125 0.8875492125 0.36581364843749997 0.8806594484374999 0.3628608921875 0.876476378125 0.3628608921875 0.8666338578125 0.364829396875 0.851870078125 0.371719159375 0.8412893703125001 0.378280840625 0.8336614171875001 0.38582677187500003 0.8196358265624999 0.40354330781250003 0.80954724375 0.4235564296875 0.8051181109375 0.43864829375000003 0.804872046875 0.446194225 0.8058562984375 0.45013123437499997 0.8105314953124999 0.4583333328125 0.8127460624999999 0.459973753125
2 0.295521653125 0.49704724375 0.30093503906249996 0.50065616875 0.313730315625 0.5042650921875 0.3312007875 0.5062335953125 0.3348917328125 0.5059055125 0.34719488125 0.499671915625 0.3562992125 0.49245406875000003 0.362204725 0.4849081359375 0.3661417328125 0.47047244062500004 0.3646653546875 0.4563648296875 0.36761811093749996 0.45374015781250004 0.3686023625 0.44980315 0.3727854328125 0.446522309375 0.376230315625 0.4478346453125 0.379921259375 0.4475065609375 0.382874015625 0.4425853015625 0.38410433125 0.4294619421875 0.386072834375 0.42191601093750003 0.38656496093750004 0.40961286093749993 0.38730315000000004 0.406824146875 0.39074803125 0.404199475 0.3895177171875 0.4005905515625 0.39222440937499997 0.3953412078125 0.39394684999999996 0.38845144375 0.39099409375 0.3733595796875 0.3900098421875 0.355971128125 0.3870570859375 0.35334645625 0.38115157499999996 0.351377953125 0.3747539375 0.346128609375 0.367372046875 0.346128609375 0.363681103125 0.3412073484375 0.36343503906249996 0.33759842500000004 0.3651574796875 0.33464566875 0.36540354375 0.332020996875 0.36958661406250004 0.3254593171875 0.36958661406250004 0.323818896875 0.3682332671875 0.323818896875 0.3661417328125 0.3202099734375 0.35900590625 0.32808398906249997 0.3558070859375 0.326771653125 0.3535925203125 0.322178478125 0.348179134375 0.31955380624999996 0.33292322812499997 0.3188976375 0.317175196875 0.3257874015625 0.313976378125 0.32480315000000004 0.311269684375 0.32644357031250004 0.3024114171875 0.32775590625 0.2930610234375 0.33300525 0.282480315625 0.34744094531249997 0.27755905468750003 0.359580053125 0.276820865625 0.391076115625 0.2746062984375 0.403871390625 0.27436023593750003 0.42224409375 0.27312992187499996 0.42814960625 0.27165354375 0.45734908125 0.2746062984375 0.4740813640625 0.279773621875 0.481627296875 0.295521653125 0.49704724375
2 0.22096456718750002 0.8520341203124999 0.22071850468749998 0.8704068234375001 0.2229330703125 0.8795931765624999 0.2229330703125 0.8969816265624999 0.2276082671875 0.9071522312500001 0.23203740156250002 0.9248687656250001 0.2381889765625 0.938976378125 0.248277559375 0.9448818890625 0.2691929140625 0.951771653125 0.27854330781250003 0.957020996875 0.289124015625 0.9603018375 0.2999507875 0.957020996875 0.311023621875 0.9465223093749999 0.31299212656250003 0.9425853015625 0.313730315625 0.9356955375 0.3132381890625 0.9284776906250001 0.307578740625 0.9189632546875 0.3036417328125 0.8982939625 0.30093503906249996 0.8917322828125 0.301181103125 0.8766404203124999 0.3041338578125 0.8625328078125 0.304625984375 0.8553149609374999 0.30634842500000004 0.848425196875 0.313976378125 0.834973753125 0.3147145671875 0.8284120734375 0.31791338593749996 0.8211942249999999 0.31938976406249997 0.8123359578124999 0.3260334640625 0.8051181109375 0.3373523625 0.7979002625 0.339320865625 0.7942913390624999 0.33833661406250004 0.7893700781249999 0.3287401578125 0.7808398953125 0.317421259375 0.765419946875 0.2960137796875 0.7477034125 0.2901082671875 0.7454068234375 0.27829724375 0.744422571875 0.26574803125 0.74704724375 0.25 0.7598425203125 0.2349901578125 0.779199475 0.231545275 0.7860892390625 0.2308070859375 0.800524934375 0.22777239218749998 0.80818011875 0.223425196875 0.8143044625 0.2229330703125 0.8218503937499999 0.2212106296875 0.8280839890625 0.22170275625000002 0.8339895015625001 0.2194881890625 0.8425196843749999 0.21973425156249998 0.8487532812499999 0.22096456718750002 0.8520341203124999