1 0.41015625 0.2140625 0.16015625 0.35078125
1 0.55546875 0.2171875 0.0984375 0.240625
1 0.27265625 0.54921875 0.0890625 0.1859375
1 0.82578125 0.3 0.10234375 0.21171875
1 0.33046875 0.69609375 0.090625 0.1890625
1 0.5390625 0.58671875 0.090625 0.23671875
1 0.21015625 0.5109375 0.06953125 0.134375
1 0.74140625 0.54609375 0.04765625 0.11875
1 0.6171875 0.56015625 0.1015625 0.20546875
1 0.48984375 0.1046875 0.07890625 0.18515625
1 0.4453125 0.44453125 0.059375 0.15859375
1 0.49375 0.43203125 0.06640625 0.1484375
1 0.9078125 0.3046875 0.08359375 0.1796875
1 0.8921875 0.5859375 0.06640625 0.1515625
1 0.64296875 0.20234375 0.0953125 0.2453125
1 0.73046875 0.3234375 0.06953125 0.15
1 0.93984375 0.453125 0.1203125 0.33515625
1 0.20546875 0.284375 0.1578125 0.32578125